fnl0sim1
0.16201842755568197 0.06379157882315442 0.029292798384002474 0.014722407113394481 0.007690246631189487 0.004044226496374173 0.0021276362384986145 0.0020547717802123686 0.0026065038993281987 0.0018199920909011446 0.00046737050361468467 -0.000256165007627106 -0.0004715568698562626 -0.0005536261187072289 -0.0004840095059067423 -0.0003693878589256604 -0.00030249717366787206 -0.0002528060323213524 -0.00023045913953883524 -0.0002123476409393657 -0.00020370366344721227
0.8887200410065056 0.3699710803871383 0.2097180080794471 0.13648366057201344 0.09625349120411739 0.07106014479870155 0.0539333091147312 0.043196493642052025 0.03461088998123544 0.028617802345792448 0.0239834167486963 0.020638355068394378 0.01791211535830474 0.015541769534356565 0.013850502804826114 0.012332270976957091 0.01107373988691534 0.009977337064939933 0.009048601198066894 0.008220425006055096 0.007505674694326867
4.143588456042418 0.7304555972127038 0.212940052253523 0.07944405300698969 0.033992943285470735 0.016034222334708192 0.007631902277420714 0.0052439273176451305 0.004039677497761092 0.002451747658163412 0.0012490527247107888 0.0006336422747516915 0.0003809988150313506 0.00022841386751277416 0.00019146528697702676 0.00017932622826211434 0.00014732017220149356 0.00012297864730305384 0.00010378831082449374 8.40161846122001e-05 6.449258827029167e-05
51.40406069345144 6.340463440345367 1.7412302845970788 0.6580099501136466 0.313472031413398 0.1648090215015118 0.09345457782256084 0.05964516818590353 0.03803821860456776 0.02583824835722126 0.018242558205821702 0.013299961313609656 0.01012910980110661 0.007710453446042209 0.0061494017092205144 0.004832839398120425 0.0038732783020136497 0.003177751951703659 0.002605741101404811 0.0021762573153422116 0.0017967647855250657
798.256553561127 52.01915899634324 9.01197997123735 2.048056719944294 0.6582891457549684 0.24036553677320152 0.08520679329303009 0.04458239175190851 0.02532506026237089 0.012990383464449941 0.007814011105400073 0.003476917772023534 0.001953661460595221 0.0014103897573083041 0.0012602509542917184 0.0009258955863330753 0.0006198209954890678 0.0003705736179931881 0.00023185620700043585 0.00021195006696074877 0.00012650554012444835
16837.469997820746 649.483222185871 91.55638167237407 17.219465818119005 5.586547417768919 2.018095998796581 0.8219735842489175 0.40404991901165377 0.19965425466679435 0.1124814946218498 0.07534196501780628 0.040799641632520575 0.027292843457184666 0.019159294255047202 0.014892619252898457 0.009764523811738696 0.006685939592826107 0.00489496559078482 0.003478382388936938 0.0028259690352793903 0.002027654441762823
443622.6676398841 9425.878300030625 928.4921728487294 104.65886348807402 26.063973739825734 7.392822240715362 1.8679066536784055 0.727930526381653 0.29952643755747593 0.13680598488130488 0.12648928959308234 0.030946580210731104 0.015154078186281665 0.011658276779946073 0.015221238428662352 0.008023394605887147 0.0037514236672420054 0.0016481051112039586 0.0006543201647445393 0.0008033922844105759 0.0002832088170592255
14044569.348045547 166024.9404399876 12149.168206034336 1007.6461201857495 238.59703563765189 62.82064344798406 17.47719863135838 6.241193211334385 2.3385552604518076 1.1085995894885239 0.9738553539980005 0.2796354344592123 0.16270827771269614 0.11124850926760269 0.11151743960183073 0.053795613178405116 0.02733847378597965 0.016595429936295453 0.009587631290240074 0.008517336680590572 0.004756853708333239
508792907.920884 3291987.34885929 165663.86622497186 8214.860007135094 1643.746429448325 381.90778323067957 67.75151912926398 18.668080932134036 5.640210645762241 2.4571723834400427 3.9063089865698433 0.40831095472441753 0.1794396548406611 0.14385394554811073 0.30231198120772546 0.1068155648155523 0.030707722277506868 0.010726887469375213 0.0026102713041290474 0.004503404608376659 0.000719065390646867
20251765137.192028 72209078.93965907 2507168.0061573177 88494.65669578896 16092.511790206108 3427.968282016451 635.5183280493306 153.97596062151433 45.03266372927012 18.476997796272645 27.405362420967005 3.0753524455717183 1.5754104361553218 1.067525862565709 1.7823404235687454 0.5769056955440363 0.18642256812824012 0.08731957561836763 0.039315157417852006 0.04351657250126358 0.016532987944409147
858267587676.7809 1698560025.5641994 38965051.8155915 827929.7246457547 134295.0850948915 26858.808980183418 3369.623033381886 615.2743361011937 145.9389449510478 62.751705429068984 158.98504260302616 6.722525257929599 2.769565425807989 2.229816276599768 7.375246410095339 1.7618247353306689 0.3012894510164819 0.08636306687214479 0.013807677507898106 0.030862470545388987 0.0018563826772444363
