fnl0sim6
0.1620084151962591 0.06409668849669085 0.029265586490166 0.014496427577727162 0.007380455335197298 0.003788930869269467 0.0017537706128381927 0.0017281111840788729 0.00225904042209851 0.0014468897668744821 8.964654043033682e-05 -0.0006615515035627087 -0.0007892761042140225 -0.0007668479861973271 -0.0006341323044927981 -0.0004853631114836444 -0.00037490310184403353 -0.000319987908290386 -0.000335709150580275 -0.0003540113494550039 -0.000304475254762575 
0.8841136071890042 0.3713732380303607 0.2099912674348931 0.1359650492524436 0.09516705261309166 0.06968296914205152 0.05256219105293474 0.042131687778559 0.03367634627004479 0.027813535693955994 0.023231146070297228 0.019979256272709238 0.017282243040008638 0.015003498915139014 0.013289450309837839 0.011819563489756104 0.01062789013903681 0.009563676195393903 0.008685395552358702 0.007922263524876813 0.0072836062971903025 
4.131713746017627 0.7299043217296174 0.20777026039045637 0.07428306018238534 0.029880480122907255 0.013212903307701574 0.006077168605717674 0.004089388005349979 0.003164877440696152 0.0018590881133488165 0.0005932002397942631 5.737845385891153e-05 -9.129686086120109e-05 -9.745507510146237e-05 -8.036045562090065e-05 -4.699414982264221e-05 -2.968138560218631e-05 -3.535651710968858e-05 -5.803142059900653e-05 -4.7935628685382e-05 -3.552414180791393e-05 
51.29570167629885 6.330778120695837 1.6964625154467623 0.6439294434427976 0.30072154332104944 0.15808798132511395 0.08918489572340639 0.05721466518220031 0.03644170750741623 0.02464692637143004 0.017147352441080437 0.012564994618596373 0.009375118207314497 0.007125282477303199 0.005543529450643646 0.004452177542251046 0.0036507475089089998 0.0029495980698421302 0.0024136128225306216 0.0020262464136561486 0.0017172372651250696 
795.1729455768245 51.72728967629344 8.619382532937896 1.9327862038814991 0.5679184094476523 0.1917019456046254 0.0773971944269641 0.03906279296515473 0.021872514789414738 0.011586245486984493 0.0040685020577570005 0.0016440251573384321 0.000419915243993301 0.0002356022095544215 0.00010746023812994914 9.589089530690738e-05 0.0002058194920305374 0.00010508052667231422 -3.574475967272124e-05 -5.156359540746471e-06 2.3415135611393363e-05 
16614.679604521814 637.8252006393261 89.40303119037644 17.072309827698792 5.248234927480153 1.9301943530674008 0.8211029891437626 0.4000036715287132 0.20207808112668593 0.11054889756196423 0.06338788445867774 0.0377914949102224 0.02365267956069583 0.01648525427967533 0.010968865859124818 0.00838045132863265 0.0063402726205986585 0.004541346275850229 0.003264563281073556 0.002647166981860547 0.0021123608081608757 
431963.6076412073 9030.360846401509 1007.0273950644752 110.48018361058674 23.494123333120726 6.189621588750403 2.258747768744837 0.751222868972033 0.3268451019668145 0.1444483130214886 0.04472777694545038 0.01858651697599237 0.003812889339884039 0.001093504058088628 0.0011078480912838245 -8.99735959300617e-05 0.0018199911346485683 0.0007028819722260803 -0.00016439038974296096 -5.74966122701282e-05 0.00010612454236268622 
13590424.60047852 152282.1181867822 15708.2678391095 1129.9366852469584 238.60572754310368 62.78283468759482 22.047546844809478 6.854192778938008 2.7930353261389738 1.202231503272836 0.579759093226121 0.24857521069381158 0.12576921442135064 0.08906518753726776 0.04730029895481052 0.03680406178960783 0.02638995773316817 0.01597533783777748 0.009829050833343258 0.008781282142730593 0.0071377596546046244 
498825500.83249754 2844256.154941046 284537.37497410807 10732.56704078286 1722.174358214072 374.8395854691962 127.87820286485595 23.431219052722525 8.553882290109517 3.065324217884598 0.858252157731035 0.2575345784724632 0.03467743562897673 -0.010486279571466977 0.012601002629844711 -0.0097483215641037 0.022295744555464958 0.005178943137977897 -0.0010381132462763724 0.000177864502354239 -3.401198171312104e-05 
20645375437.534164 57850128.062790826 5916679.003256783 123412.03945218504 19413.921035742493 3903.829756294561 1257.8845262999394 198.4249762590984 68.44822597632586 23.36497057169955 10.000579354811856 2.5526691265784525 1.0173457418678924 0.8051813343583588 0.319195096231585 0.2649141591838088 0.19526065334915885 0.09087802700272349 0.04677864351190032 0.05340576900578516 0.04839015066649948 
933225553358.9257 1246490593.6220884 132449361.68231907 1405947.878200407 183439.854247784 32980.778101414224 10547.308665788676 940.7656861256062 304.2132503533682 92.1312462516699 25.434190899499683 4.134084625398288 0.33507945770040287 -0.4631552477165468 0.1595774478676347 -0.19136903925599644 0.3393498830707187 0.04628888104414568 -0.007154496066114314 0.016961084469870293 -0.01155474662235507 
