fnl0sim7
0.16210212287276596 0.0643926069654893 0.029636773212643228 0.01479294725254255 0.007882455772467205 0.004324655710931923 0.0024073932642037356 0.002334073971182015 0.0028643915581154475 0.0020064821450433866 0.0006036907117072159 -0.0001432768568161837 -0.0004791195429042959 -0.000489105267574618 -0.0004408464915211668 -0.00038739669685542637 -0.00030974681455522466 -0.00027087112591628245 -0.00020020281187701204 -0.00015440545983610928 -0.00012523129259535868 
0.8843198966389244 0.37385555004886456 0.21281282096372287 0.13798934635613863 0.09745429989124818 0.07205095832880663 0.05457189326812218 0.04372298075915453 0.035043533879621176 0.029112733907476557 0.02436827430459444 0.021044502898960843 0.018215467199934273 0.0157053216658911 0.013910543525083571 0.01233056805449125 0.011039142085088303 0.009942027508128008 0.009027030727928959 0.008246499733817598 0.007588182867362283 
4.146745616458286 0.7465900687987025 0.21539109234120807 0.07845599901469297 0.03325329220993568 0.015350201784270932 0.007585237601723731 0.005135272690563868 0.004064150821878961 0.002449890611337227 0.0010202650970991013 0.0003999263192869653 0.00011038870057389332 -2.491498701657274e-05 -4.436471229602241e-05 -4.8262465334913986e-05 -6.045006059227298e-05 -6.318308783272542e-05 -4.27588694760705e-05 -2.8373859376019935e-05 -1.569021116114137e-05 
51.666315098955764 6.576570686740037 1.7675310542419593 0.674546641060368 0.3225860791411885 0.17015618341200384 0.0958150385406933 0.0618061474018381 0.03986289784772526 0.027201799120343394 0.01900201680505473 0.0141310646216885 0.010689629256806709 0.007972431884367177 0.0061932488481003444 0.004863596968227918 0.003899030020499231 0.003191657105102957 0.0026253847696472766 0.002208386442532883 0.0018601788058279394 
801.4626790786343 56.065817156454436 9.299555010056679 2.125467573371574 0.6726316295377898 0.23153787951342014 0.08688829606673366 0.04902138908483934 0.028322819311052076 0.013978170081235294 0.006385566933798003 0.0028091527040142177 0.0015980498227019713 0.0006249712408291512 0.00023933548362187147 0.0002576134301875557 -6.914693821003969e-05 5.2900499700890534e-05 2.225792861655053e-06 4.242230303672898e-05 5.177825884309417e-05 
16432.070723265457 734.9798631834293 102.40404261803107 18.674063415707497 5.951602984627951 2.1074593446271037 0.8509694438076458 0.4636653908096853 0.23068752420089192 0.12374637575109415 0.07584442418873334 0.04656225125869484 0.031689992569599375 0.021208065708111755 0.013584808139744739 0.009914690363752211 0.007128377443918506 0.005111437488443373 0.0038040793259797993 0.0029524734890553875 0.0022667036694723084 
403477.7674517519 11433.128263586754 1307.0686314689392 125.20547405816471 29.18785582809873 7.293476174421043 1.9462605974711764 1.1752055351362751 0.4064649220227444 0.14425774214331916 0.08009097708603553 0.026439425614249366 0.019330625709311197 0.009747335012695575 0.000962459554497929 0.0037389030173178273 -0.002177172053497354 0.001103667398591599 7.282136936702903e-05 0.0004664252403318299 0.0002964675376352775 
11375492.262404991 215606.5574796287 23816.000615780653 1296.5612975629963 276.1557664848398 66.46512268000235 18.192716815644864 10.699651661824126 3.287256690197404 1.2194096650911859 0.7421307124594918 0.3459149791529963 0.22278200286279673 0.1504243689925733 0.07038749148693192 0.054817571467368965 0.03659740321672962 0.01965853103687122 0.013264479826562522 0.00959935953614146 0.006478361285801154 
354374330.3837946 4563674.818234264 510768.9341460103 12894.041709049941 2078.4448075188475 402.57382096411885 70.78207058988781 61.90679337651571 9.938951084310286 2.211679774791562 1.624108751214251 0.3541010000427108 0.32230752076078845 0.19181990118458447 -0.010612905367303107 0.06758295425079787 -0.049143654052398636 0.014985734873100351 0.0009152621899705806 0.006163287558851308 0.0021498094758109613 
11899156589.264318 105399710.53047872 12357939.75514252 156193.69624472928 21026.144080889004 3920.5714771102685 663.45863634062 583.8630521154852 84.84193589871332 18.249199330509864 12.645910587519566 4.1216965491618485 2.6261087661106046 1.9595319080861995 0.6328389322795921 0.5891296758862634 0.38202810770172624 0.1314864317268941 0.0813045496578361 0.0572261002956521 0.03097872806790356 
423235395037.2433 2575908686.302111 316710129.3810895 1931048.2267851778 193835.2445947259 32788.72214858968 3427.3734136629655 4911.4068743109865 346.9993131075335 43.27356156731736 42.5934280313977 6.155194254213124 6.435543839281848 4.1680876138409495 -0.4757437145567697 1.3659942917018633 -1.0015225506841614 0.19762030696799474 0.011725419388747984 0.08568446142152539 0.017993008805909354 
