fnl0sim5
0.16218252626934745 0.06363937373442473 0.028966788121686352 0.014276145782084167 0.00737018682991346 0.0038195170414296216 0.0019896309167446806 0.001946399690128985 0.002503204219831099 0.0017600893159779114 0.00043112416983400896 -0.00028309855987314006 -0.0004861923041398198 -0.0005901835297721532 -0.0005181465062169772 -0.0004661600370359486 -0.0003770001867446874 -0.0003047628517250949 -0.00025431995770000483 -0.0002217144269122972 -0.00020612843614354644 
0.8847086148980134 0.3686628457237195 0.20887421212637994 0.13593095218207785 0.09543338916126334 0.07044506997323938 0.05332007825259714 0.04277336969239761 0.034212638614779016 0.02832486777812359 0.023642587305098103 0.02032375829499734 0.017638265562305012 0.015295057718752815 0.013569713407548043 0.012051131475033918 0.010802414833411786 0.009679618143834471 0.008809272107575148 0.008022806136245939 0.007380936379089849 
4.137855801351037 0.7183605304515174 0.20051187566503026 0.07318214772751672 0.029964749768104287 0.013307028483311669 0.00660601629583669 0.00459486274055105 0.0036018413868770397 0.0021316489803707606 0.0008338059888238979 0.0003035061074650842 6.220307514426305e-05 -7.028677906831265e-05 -5.979315789215217e-05 -5.535833846525996e-05 -4.3826135663512586e-05 -5.206871070923752e-05 -5.73023065132307e-05 -5.578708638353897e-05 -5.106197718489543e-05 
51.57659081377396 6.246447292079192 1.6442589246312223 0.6375788495981725 0.3024850793237376 0.15994677528668566 0.09159725986702408 0.05874469026109803 0.03775353174261341 0.02559761542140044 0.017563207243349203 0.012932136192766109 0.009682814599074496 0.007342110136834009 0.005840465003674344 0.00460566739113047 0.0036965982559826003 0.0029344529570793617 0.002475498775010382 0.0020374278283592207 0.001729505178280352 
804.6027056928511 50.98330192946205 7.847939935085017 1.8717580353911167 0.5686988997120942 0.19171621349069276 0.07829983858092758 0.039715643844612646 0.025254533995594918 0.012749327843726559 0.004792968348946274 0.002688889482764933 0.001063901982479261 0.00034786526845451897 0.00012656953846167552 0.0001254477146437319 4.2332128808994904e-05 7.524985005885424e-06 5.10848783185509e-06 -2.3814252924836876e-05 -5.554309084903575e-06 
16824.133620086595 633.3013279869483 77.33004769986526 16.398616114255415 5.394882477124256 1.9763832309984921 0.8567380806608593 0.415844002843424 0.21188324211247067 0.11435492332390731 0.06301157757116338 0.042094925601809774 0.02536855546516295 0.017088375550857998 0.012962640345633263 0.008698798050399838 0.006033541762131781 0.004097399711472043 0.0035365111793596482 0.0024704629964793206 0.0019402044407451815 
428578.61032458255 9014.994023039322 738.0170220874319 104.28786652955817 23.417823371169426 6.690759924634224 1.8964362836183797 0.6096645905200146 0.36376940847678957 0.1519797257811461 0.04767720213281388 0.03639499708144458 0.010871986661322957 0.0031053899258828136 -0.0019421309275855032 0.0001507277893026213 -0.0002555393886051567 -0.00014161410524332662 3.448986025276962e-05 -0.00014597361879506736 -8.710312204317535e-05 
12746577.197418584 153445.85908506438 9473.409196448649 1073.043199376652 259.35021870170226 73.67070045210433 22.13436783427948 7.32766655283057 2.84801426296471 1.1833486893201732 0.5157388836782102 0.3672459022730309 0.15355861049305325 0.09091646752450323 0.0804065860482639 0.041042316091845644 0.022308327168415878 0.01213261018183301 0.013386375657800867 0.006589589135839357 0.004875165965857503 
424632569.3417803 2889845.2626273646 129051.83143912636 10586.415157105173 1666.5385929191943 520.036082325205 75.98666022518707 13.386668221797716 8.598932857268823 2.836411952730668 0.7630606243028172 0.7587169703003486 0.15607448173754018 0.030224000032188534 -0.08996155200471663 -0.013261384927505022 -0.008791871435890808 -0.0029296708837870875 -0.000615201893558754 -0.001578512048182355 -0.0015163666940441695 
15397006984.184723 59442597.10044159 2001097.248537631 130019.34012276167 22097.788368562273 6207.075350981249 1040.1797478869169 223.6964355820795 64.11714484117098 20.044359712944523 7.158607192808056 6.017277531927427 1.6289323178036244 0.7814469136228023 1.047359807124111 0.3629865903288942 0.14310833814654153 0.05730105829856176 0.09769198685230845 0.028331340272420638 0.020631033295082715 
595101133760.7007 1296607311.7784474 32701321.32469224 1654642.22801319 164173.44794971854 63570.448750394644 3971.144629723142 313.026468483082 268.1717433662966 67.21892910607201 17.129791750451044 19.2204378935642 2.9071942221003746 0.334397142834601 -2.7192368994242693 -0.3578377424852824 -0.1658848945124574 -0.03846029339068988 -0.01710435097982864 -0.015793706139610956 -0.0181674624693163 
