fnl0sim4
0.16099406809495528 0.06376317358962895 0.029093119703768155 0.014179099462032429 0.00725033842117249 0.0038034790238366833 0.0020660715519629285 0.002091044568182933 0.0026113606137083047 0.0018870992398634268 0.0005990746485043068 -7.155868385331e-05 -0.0003035175482333427 -0.0003639352503713759 -0.00035379310041022856 -0.00031097507845344275 -0.00024770657370968847 -0.00020883645612790376 -0.00016988126584341654 -0.0001637379035526721 -0.00018155057431289368 
0.8717878683797043 0.3655644458483417 0.20837094897229183 0.13609134572092457 0.09571884002678277 0.07080353310019208 0.05387165456614042 0.04334136948930346 0.03461949446495295 0.028763240572825838 0.024012614672994075 0.02059352918308453 0.01780182449532932 0.0154089229181234 0.013655063339164285 0.012104793657982822 0.01088222597820443 0.009813435849786598 0.008927939562792106 0.008113116572520151 0.007454293769231742 
4.040650143504575 0.7066567197364095 0.20012877822869482 0.07239202480074428 0.030791307553794073 0.014266681345060093 0.007390113456284306 0.005231493525675001 0.003949997883575359 0.0024404637829021415 0.0012155166785243873 0.000506061454551253 0.00028484436637509636 0.00019082060547700604 0.00011019323165459006 9.519601815172695e-05 0.00010336560093363475 0.00010216142427179195 8.990814244325261e-05 6.952233151097579e-05 5.1530975373273424e-05 
50.45743388562181 6.059751047851496 1.627404654599255 0.634149497851796 0.3030546152816159 0.16201644525323422 0.09256275516663076 0.06099900376855873 0.0387758488813552 0.02642450063081986 0.018346592531746014 0.013335858981531803 0.010019517869879282 0.007491118743641363 0.005918585490861273 0.004612152842670868 0.0037464290673422784 0.0030715345425778254 0.002567757257606074 0.0021270766941799742 0.0017832437687800124 
801.697118647441 48.34872757856176 7.709109859829985 1.808558659139369 0.5964937988679581 0.20948008128748422 0.08147376336723194 0.046449253766824586 0.02514527314451323 0.012963712958010104 0.006395781454652373 0.0025263759485822926 0.001632569925955418 0.001098741558857592 0.0005243247123695507 0.0003585992802981858 0.000297358859779084 0.00035608613392894674 0.00024336052225387025 0.00016793589665687955 0.000111499483004789 
17585.66720895415 577.0250755562444 76.21412573517547 16.188815512487043 5.322495221875287 1.9712428715068535 0.7862608054870509 0.43824003269850026 0.216501727776145 0.11807150337702377 0.06968380122621562 0.04178039941482469 0.028341709442240518 0.017592141073509378 0.012676431587906661 0.008494354041643 0.006367522143559904 0.00467478641621909 0.00365061302192359 0.0028070392297812326 0.0020544842250973467 
493929.8332831064 7722.7883945732565 746.0354339993833 99.91358520681166 26.062414626896523 6.707236511220178 1.7104417435940054 0.8309905104234704 0.28722419946491723 0.12721474125269364 0.052831181176580755 0.0198298158651272 0.015121610871403849 0.008383766346286231 0.002679862352100152 0.0015690418119673562 0.0005537793775358273 0.0018001337881653923 0.0008059398251521777 0.0004318977653514813 0.00029128850878280837 
17212732.62550045 121447.00728143072 10168.228420873043 1035.2702673184779 249.3692249750612 62.30303689657326 15.365158122298597 7.753899237874127 2.76163842216217 1.159216657672636 0.608262451240052 0.29213147400427736 0.19756786332026663 0.09393994590747792 0.06358119858356276 0.0355855767201675 0.026127992299295955 0.015934880873970988 0.011734487273233798 0.008877730332725247 0.0051158939757921535 
711074058.5831413 2078825.3721173417 151849.34001891475 9559.337007918542 1969.6312712583995 370.2822386100046 56.61940152877554 26.521904863039428 4.808369338135643 1.893129650045455 0.5127680517377567 0.24808507614999728 0.24155168828594326 0.09075479970723002 0.016583275609546196 0.011341520627859973 -0.005660095193912707 0.013128638288505258 0.0031596176487099243 0.0003109787389153853 0.0011494479830378337 
33265755846.673447 38536539.80678582 2633727.8972743843 110527.411196582 20228.049397871273 3479.63672037257 489.99964139956234 245.91229045415926 57.10124427001832 17.765783581865783 8.870513370428121 3.292566069538457 2.463413597583894 0.8280262151894672 0.5252373948659538 0.24229781877699927 0.18992868477167033 0.0878383591798858 0.060223294769031245 0.04904028257484846 0.019578442288636255 
1693022447897.5474 753347920.7804339 48637547.344289586 1239474.5039890122 197058.93958543538 27168.403762616985 2435.896193888122 1231.0239732134878 101.62532027986079 35.98920498416387 2.754423472772636 4.208441477290162 5.214908204835544 1.2226317482308464 0.09629333662107203 0.12222486175560181 -0.15687162853435171 0.11876109786385033 0.01069888892693312 -0.02016301074660148 0.006220428386108079 
