fnl0sim8
0.16192002296284877 0.06365608574308532 0.02898706602110075 0.01437887862291744 0.007526247293003292 0.0041294468022021165 0.0023131479498954485 0.0021831704592708556 0.002598338126932151 0.001779917229946259 0.0004796425927518892 -0.00020845496628116002 -0.00046120374266614606 -0.0005258646160546392 -0.0005711419137421972 -0.0005621722793833547 -0.0004577383630517533 -0.00035721853176499594 -0.0002700621509104915 -0.0002590560579989994 -0.00024513974021578213 
0.8831052684174736 0.36880755274498583 0.20840151040586913 0.13614506724684083 0.09588551134783883 0.07080143848740823 0.05366396066908841 0.04285376700377606 0.03422198866437555 0.028416434734550095 0.02373020365372969 0.02048280951787532 0.01769022088709773 0.01535277410603505 0.01362786491096546 0.01214537801888851 0.010894378004561264 0.009822844822334694 0.008952890402654108 0.008137585988953066 0.007449483888260439 
4.103274336528829 0.713471724335449 0.1997083826799989 0.07392832425313901 0.030576288949259362 0.013904187032502005 0.007142365449369809 0.004957824964444591 0.003640393764660648 0.0022686906518331338 0.0010423386623419101 0.0004245206697232885 0.00010234547494054749 -1.3864513837675225e-05 -8.788758457965218e-05 -5.065853348559078e-05 -2.3442114533528756e-05 -3.9829365546743734e-05 -3.518401988553822e-05 -2.8047630508231848e-05 -2.9745616012426494e-05 
50.65077288131988 6.252279516334321 1.6207358868834847 0.6439453894942466 0.3038953878169369 0.1596775953178432 0.09135802992622205 0.058653392730886135 0.037513211467202455 0.025554072585942132 0.017574538322918998 0.013223902342121908 0.009744038313546024 0.007511501822680164 0.0058663782445439044 0.004782585804806994 0.003853637899668476 0.0031063328458846213 0.0025861088338440114 0.0021213353450100936 0.0017813930373516854 
769.2890224462298 52.18431200848465 7.533952424063537 1.958764650784237 0.5757699034397992 0.1917588703265721 0.08034198134496295 0.04599560725587495 0.025595038796800036 0.014818282144539079 0.0063274432413296606 0.002815053713895272 0.0011408168647724865 0.0005477834592500046 0.0001226305101278316 -0.0001295954762628517 7.329299498422824e-05 -4.822012144953089e-05 1.1485190363925045e-05 4.2443843879204654e-05 2.7542074045449058e-05 
15333.912578831447 680.2458599348034 70.98476705012698 17.73689864503619 5.198332399808033 1.7838440717098025 0.7568661064554387 0.40458525699769127 0.20818100036523285 0.12210596140103518 0.06299034066535443 0.040690482166623666 0.024935927864655462 0.018961479914815296 0.012654623705281882 0.012042612810276628 0.007855956844395854 0.005725661461306277 0.004066997574935222 0.002694479692967466 0.0021135252035726507 
364665.24332303763 10533.423128391769 626.3818255356153 127.47808812185269 23.120681334002132 4.951382840083148 1.6065680521154642 0.7922916737854989 0.3718466717220733 0.2221844786472828 0.06719626213230494 0.026267441581297877 0.008479356541608776 0.0016890533657437693 0.0020114881094466094 -0.014830522791144805 -0.003485239051229251 -0.0026367074695236668 -0.0007062764635773521 -2.646891144722137e-05 0.00023239454157105474 
9967218.698379379 199349.01823737487 7360.370967511728 1486.1271418906488 227.58659429810612 44.459048205825496 13.591603813168645 6.526415964926023 2.769437745838709 1.6643065400505939 0.5137314911505813 0.2719032297055778 0.13880746055410273 0.1293610170015359 0.07129743459902638 0.15845718960006744 0.061691344766274685 0.04203848392431709 0.021059725428384395 0.008144028611990017 0.006053852106868388 
301555212.2493471 4246176.047675088 88630.11533786461 18133.54574481262 1658.6512653012976 195.31479288124245 46.93402632271857 20.77230499276588 8.778652621821196 5.996675707219583 1.0599990238976964 0.3474352773144454 0.06921075255715 -0.09687225880095429 0.045998602908450696 -0.6894335221593915 -0.1441980910046634 -0.077112272186582 -0.02145489241011256 -0.003914795431300309 0.002032870025533926 
9834526192.251663 99131479.90662459 1221180.5907212906 269085.5037483707 18068.036373851708 1741.0266155090762 376.3870748596772 174.38386535255424 63.10674478264731 44.85451537707095 6.851548681679486 2.833461697548228 1.2533932337741736 1.8461524567108578 0.8044872572543079 5.050540925902777 1.1926773174402294 0.710967364954985 0.24551195220329086 0.046962023035386276 0.03076930835230771 
338793297285.4891 2454209706.2669764 17308237.00542295 4241586.057680238 173871.82508527374 9961.806733578094 1728.1683144061112 716.3398221339576 279.8165722141659 222.93252334432074 20.825928257858216 5.622491780436836 0.5468910313272607 -4.642724666107621 1.2525398527247897 -29.348925491840802 -4.7309815830012685 -2.0803102869004966 -0.49887124821940215 -0.07338223106693582 0.019212729357458665 
