fnl0sim9
0.16091999788506745 0.06296612265496249 0.028592361439829163 0.014023917567317534 0.007252891637371536 0.003711700765339477 0.0018499108627192714 0.0018054868665253131 0.0023722432127961887 0.001621276219184593 0.0003090311346779732 -0.0003402782558584853 -0.0005149370480953732 -0.0004942714777782381 -0.0004311262279108518 -0.0003712571404829965 -0.0003397707226760955 -0.0002760231493382173 -0.0002441541224349058 -0.00021117493233971512 -0.00018724554883432215 
0.8778790404250321 0.36484837253863694 0.20728738365569652 0.13407804852316577 0.0939743114079531 0.06931129503613209 0.05259708307409338 0.04216402394983619 0.033723575174412004 0.02798894858412025 0.023443982679694983 0.020170614223694195 0.017490697071520348 0.015198537725227815 0.013514741525239217 0.012002732306747574 0.01077016210803737 0.009690847292418177 0.008801492601144828 0.008000371060199284 0.007316255090985182 
4.105688505282882 0.7074377213396996 0.19955301437780448 0.07086542336842963 0.02776816608381471 0.012636761158755533 0.006029025366506899 0.00417834614687344 0.0032362168902382174 0.002023415443497857 0.0007266778477189917 0.0001898056184776089 -1.9722545762356344e-05 -4.3531351348100354e-05 -4.168708123637709e-05 -1.5399190400873124e-05 -1.214600226380648e-05 -1.6424354914091769e-06 -1.3493936896818828e-05 -4.651832289065774e-06 -2.1085064696299162e-05 
51.50773333549253 6.1326798158970375 1.6190819126128464 0.6279302692589516 0.2816373377835717 0.15395882006363956 0.08770488749456772 0.056197758083075866 0.035802570134916646 0.02472037788838869 0.01711015822237085 0.012756186621163498 0.009723211269760926 0.007322913743712508 0.00577058577301472 0.004579539422867087 0.0037122647900234705 0.003024679245840802 0.0024825199162137913 0.002061924842402543 0.0017257634498009735 
813.0962007068661 49.9851199691155 7.64255216297397 2.1858641547576214 0.46384338998356484 0.1944154325254184 0.07368788035310636 0.03727303307018065 0.021394719410409463 0.01277549528543514 0.004245083023576874 0.0019386987702116258 0.0003743837798973431 0.000438159329323565 0.00022113179002364883 0.00010298143295276303 0.00010471524068241385 3.340353645775617e-05 2.2904738631663228e-05 0.00010630431838862105 -4.8817222773708e-06 
17226.142188945556 619.8050499871958 72.56526475851885 27.18683082413118 4.234406244266796 1.919454018989223 0.7520405427528116 0.3670520791895517 0.18441191360994671 0.11007581019567769 0.06036020423032837 0.04002341276433739 0.027242771792771226 0.017342755340380493 0.012215663929725316 0.009314117847792899 0.006578616790003778 0.004911708721700648 0.0035330786347214822 0.002616359193741906 0.0020674058798257795 
446396.4285791573 8855.903361642237 649.4616827540907 415.1032085968815 15.251571529050786 7.395320130890138 1.7845633420322227 0.5952890344805654 0.2785066234397254 0.17537211899341731 0.040379718571262255 0.027113072302586336 0.0015536141583483646 0.005726498639023508 0.002081842453107063 -0.0014711774969419528 0.00048820939236627806 -0.0009074458520289125 -0.0005110107625452318 0.0005950442801351253 -0.00014849679234835576 
13584648.569605663 151479.621513916 7633.967559615623 9528.001832776685 148.39376243379775 75.03860681384012 15.773101357537906 5.360134788180525 2.162096921214682 1.280994508608223 0.4843227607653861 0.3134810935904781 0.18408021902963798 0.09508528506744594 0.06193640278695069 0.05506826414305477 0.029519504868862748 0.020428986817938182 0.012951157866964417 0.0075068682767249 0.005958683095977149 
466021629.4380791 2876471.7526929234 91609.14150846374 236442.59298317865 845.9512468350143 580.5746568526496 67.88197416232862 13.82224215990996 5.735577897679797 4.339068020840841 0.5362825142107874 0.5579502546569935 -0.023887013842002886 0.08346583622661764 0.021363484707746794 -0.058552784531474604 0.0031263961873045374 -0.01758006876707321 -0.011739383933030832 0.0038692062389392777 -0.0017794137089241213 
17479492288.05736 59680000.5615744 1234772.6521630208 6120657.242611275 8829.038650526338 6428.507805649449 561.960095069317 121.31894136109396 41.65053423693572 30.136614207127845 6.304224030182005 4.468978344601776 2.132273936142518 0.8678987262670799 0.540279706081292 0.6605510690698466 0.2400564491994009 0.15077887629295322 0.09541628559398889 0.034725927844959675 0.02916708732487565 
700041964657.3523 1315501754.4312797 17023268.373983774 159956528.90598726 67686.45031647803 67862.14836853047 3314.8415529383487 394.6111514680761 154.6184521956941 155.43903045614385 8.610877105533502 13.414224328021781 -1.1870101318658624 1.3353976436258637 0.24397008872924122 -1.535390078407524 0.01581093552971881 -0.2638614517196245 -0.20420274130305455 0.02867413969955545 -0.018863155586938275 
