fnl0sim3
0.16210423344061656 0.06322218676545141 0.0288142067784938 0.014174261908925975 0.0072476273691459685 0.003586524623076556 0.001734163541009403 0.0016910677431965571 0.0022164137994606175 0.0014398189407727063 0.00020922218870404036 -0.00041635333334636543 -0.0005799902503572529 -0.0005278114754345427 -0.0004529231041056633 -0.0004129683972168594 -0.00034943131194758114 -0.0002990629679018721 -0.00030861042798830036 -0.00023443847104151095 -0.00017028199318153305 
0.8881219024123467 0.36660454143824023 0.20842878267449352 0.13502323776149977 0.0946631841659511 0.06932292929027097 0.05276022523758321 0.0423365661082791 0.033845437834728764 0.028113240701213443 0.023568286607927112 0.020244692593298995 0.01753637884598363 0.015133123478656902 0.013420002438255956 0.011891607912040036 0.010662496106230723 0.009585513930186192 0.008701618847988942 0.007909621495748599 0.007263367263074857 
4.200484898095387 0.7239869727999405 0.20601392522013368 0.0738775269889157 0.029962911348166688 0.012887358192308605 0.006202991536120239 0.004591662953556169 0.0035613887890888216 0.002264704284709048 0.0010221942661389409 0.000440141733919131 0.00023942258990543967 0.000157015988178807 0.00012342042175123727 7.810746082607259e-05 6.229194609732038e-05 7.577696966061611e-05 5.304403125177172e-05 4.990360804710505e-05 4.525922085297037e-05 
52.973761972364024 6.33581021946708 1.6908139838430298 0.640567616696264 0.294573865937574 0.15410409960676943 0.0879225278995193 0.05808272111845345 0.0366896421148017 0.025600138987105846 0.01774755558315798 0.013035028878691162 0.009734989316668241 0.007258872498351833 0.005736392868295163 0.004560768018582904 0.003641369976910663 0.0029103272167883463 0.002415548175793367 0.002013484843697694 0.0016977446564023584 
837.4839123385241 52.92439834290764 8.583518214505375 1.9280967154493034 0.5181426223633051 0.17582316084354466 0.06791897508250089 0.04366826598496675 0.02424157013130892 0.014373318007498928 0.006491099799370535 0.002689060949060634 0.0016652203156924475 0.0009194712408372601 0.0006983348710833897 0.0003219300334782917 0.0001734525885461116 0.0003022276192873833 0.0001930614349952061 0.00018868617074699554 0.00015927882487316332 
17642.723149307243 664.4895151335628 87.19110184937489 17.4427423202725 4.63763018949413 1.7695034436750994 0.74677403237759 0.42137492085463696 0.19573069933647244 0.1198313288736359 0.06563949092838292 0.04016060930485374 0.027032950589093656 0.017068257437897687 0.012208174458648595 0.010859384133953919 0.006698005160943498 0.00440927483657119 0.0033481474093710224 0.0024855556180602267 0.001961042742046483 
450369.9933869099 9557.411772610203 919.6998421666174 115.64207320205023 16.959611189882583 4.889620505207698 1.3936804908152216 0.8303951377373138 0.30305329115935 0.18370456390976736 0.07314742036161212 0.02010820688473231 0.014416558687201413 0.006392940234493218 0.0042830098633297245 0.00038477324172040973 -0.0011606380562372532 0.0016494425721092626 0.0007951533387131705 0.000722443073236044 0.0006774065572779426 
13359347.166687183 162296.20182094604 12936.609490985336 1284.3836386508544 162.6794272080355 49.20102433884667 14.84382588354416 7.614411999521107 2.300677651974546 1.3437811665476802 0.5681393876502061 0.26919332304162485 0.18694657555686203 0.09299243693688153 0.06343131304766204 0.12007480585028697 0.0387399930556397 0.0167331551544875 0.011457723297415439 0.006766036412925874 0.005214136516804874 
442143416.9373313 3034346.8162770635 204381.77269825924 13364.045584306552 860.7743710804071 229.36913858186261 44.321408430442396 25.814357001091512 5.522699595064159 3.7655793795449477 1.291655369286409 0.18992732773513582 0.16552661949687936 0.0625353678662901 0.04078611702437168 -0.030275782586090406 -0.04645264268851101 0.014969257726700306 0.006043642188602481 0.0035978994213958755 0.003970555579384494 
15863275959.701393 61473388.71372646 3692939.8065115702 177936.21626224558 8960.474112347058 2301.68182118826 470.1040660605346 231.62347914637496 41.10559302388706 25.349112190966842 8.588645362064902 2.8111971273619907 2.3036198836781216 0.8502178574411203 0.5908309081594503 3.0073513409043184 0.48523645354751715 0.11479701591404065 0.07046063388452088 0.02921684821031409 0.02293926304525648 
604014194562.736 1315659400.3726695 72163551.11761285 2352144.023649107 58080.17904470181 14435.191679298934 1827.3306033369188 1060.5738992247577 124.55307170962374 101.24579676907965 30.41284196506506 1.9907392521349807 2.036243771603291 0.7242106803931772 0.5651126330215448 -1.3450559438058651 -1.1555699722845525 0.17697667423480798 0.06854876727481736 0.021667502014376176 0.027979435047723676 
