fnl0sim10
0.16198561789206992 0.06388309490833613 0.029275100330567128 0.014441313736249238 0.007492070245965714 0.004010872515406832 0.0021740856726868694 0.0020802138780590604 0.002602218491338192 0.0018660028212546312 0.0005431783409606103 -0.00021350869441300394 -0.0004705523528818881 -0.0005281460188470696 -0.0005058406227679648 -0.00048020350341148064 -0.000406602845663126 -0.00037060822748909524 -0.0003534792647101696 -0.00031375698276105135 -0.00026618369336887666 
0.8826242245082363 0.368625497099328 0.20960440686794382 0.1360361321937848 0.09582466340024835 0.07050577039554512 0.053552281949758945 0.04297625523709299 0.03431152366540383 0.028419570570460104 0.023702339603774936 0.020299488240405405 0.017578070539422338 0.015207371892851101 0.013506232748824672 0.011984960763974694 0.010769113859912534 0.009685495418055308 0.008797022796421588 0.008018482057089694 0.0073796459488582045 
4.113634084739588 0.7158807545477986 0.19923468534036953 0.07185186633385122 0.02916629801529094 0.012161230060247828 0.005909754628947575 0.004333186615816917 0.0033661733361157417 0.0021520281384327495 0.0009352924472076795 0.00025565957599715637 4.405690727755877e-05 -7.287034843697383e-05 -0.00011095885907617087 -8.32711694053638e-05 -0.0001014797491255749 -0.00010034872897667097 -6.94871635498337e-05 -5.773021226160172e-05 -4.817667884377374e-05 
51.0700643366567 6.2665307056206725 1.6384690256184735 0.6257091082782907 0.2986590955162645 0.15590277439825573 0.09038321924703091 0.059518104126417844 0.03789782722827306 0.025995874680635894 0.017873849282185345 0.01315063603495707 0.00983562796273327 0.00746692363433131 0.00584393465292092 0.004593892993681343 0.00370686339116027 0.0030517158210001376 0.002480600720585617 0.0020522731880052232 0.0017517160902819667 
784.4724563375637 51.7783553462352 7.799475046545422 1.7676615108061027 0.5386957671719061 0.16105367724489128 0.06797054808061964 0.03756083878453085 0.023210108139396116 0.013785942064850698 0.006289979142084351 0.0024850900439013024 0.00100390714769916 0.000123577345800229 4.855538287127948e-05 9.427489883789613e-05 -9.52778568960671e-05 -2.841418681683219e-05 5.660588414989835e-05 4.071337529517208e-05 -2.4594881037421775e-06 
15842.678700717091 649.3594348691014 77.99031693336237 15.301520225279393 4.9938270223931305 1.7364642569202624 0.7898548232539848 0.4323880637844451 0.22872263487047145 0.12718940319472596 0.06682486953495628 0.04309570124262566 0.02701261857593372 0.019440627085887185 0.012541566501884396 0.00872047496998097 0.006234039725397643 0.005018790409401724 0.003352595956252305 0.002520648076394096 0.002005307571542891 
381101.41222542454 9332.37345470784 776.9873370508824 89.35310548729204 20.81671559869704 4.3361159540195455 1.6359156335347722 0.5119272464918802 0.315881453285005 0.20949480089150152 0.07182813769418218 0.03224427779773573 0.011403883566736446 -0.003173272060012714 0.0008384658560958149 0.0007568732682804406 -0.0007942791713036267 0.0007547672200828447 0.0006597355064615884 0.0004681289077871388 6.49670429462271e-05 
10480857.880513439 158727.31750209775 10809.68275337019 863.8127602242894 214.33675464811034 47.7442329905436 17.6950310309476 8.220145372453104 4.320680734951331 1.823283797015943 0.5867650294523447 0.34330568586679555 0.17226831789307182 0.14526829823773219 0.06290226568388269 0.037732203753295925 0.024996632301258013 0.022674259683246965 0.009956950617350116 0.007257628598059179 0.005105627769366824 
317048193.2515764 2968842.929775681 167068.82038514485 7213.9588898195425 1373.2504773813828 205.42689878271767 66.67328373791447 3.8768421070607113 6.510282364036219 6.44310399979529 1.2137396572671864 0.6045392741367009 0.1774053383608095 -0.18644498553929642 0.009374788465219497 0.005675981456652027 -0.011976523505925167 0.018669358220001864 0.005369334597834482 0.004181491299028798 0.0005589401956263464 
10277298013.458195 60065924.891378574 3022431.057378085 76267.08518555017 16182.06202618425 2343.2652528533577 692.2869669232902 296.4554484597861 176.69259717356843 57.026525481667115 8.687164854790701 4.775177115929345 1.8299871938402175 2.3680742168350313 0.5196426664196132 0.257211133091802 0.17895021810719633 0.21057859688645608 0.04663145198705202 0.03731792685922456 0.020608803824146937 
350224019011.4203 1280861792.4140782 58801840.17825361 763405.7545189154 127516.01573222452 13972.54205981749 3578.656347119078 -555.5579627685996 154.49597801611299 302.37717047171367 25.99359364209483 13.81214650571296 3.2975056419068407 -7.188756073976004 0.13246339273778582 0.05136308000678651 -0.19228841223773352 0.39442035934062764 0.044149890604292794 0.04007028561182002 0.004425976742614446 
