fnl0sim2
0.16156082183530945 0.06429949063037757 0.029417408658031056 0.014394344119562773 0.007402521447740504 0.003810772313706206 0.002042653012545273 0.0020129926286586745 0.0025399633234755403 0.00174885338071631 0.00041765321080416707 -0.00030370525301226243 -0.00048621979236455 -0.000513338313430388 -0.0004671807183722611 -0.00036326638060892535 -0.0002910271797281706 -0.00024326026115659112 -0.00021593220192309197 -0.00020165215463947665 -0.00020852121965717874 
0.876793363895359 0.37143718992861713 0.21056044365087898 0.13572741580632913 0.09598974029890014 0.07069415085937514 0.053714550500980666 0.043081654603558006 0.034521577166365884 0.028591157281159692 0.023884221825315556 0.02057401314282369 0.017846792966642957 0.015461244020114392 0.013712814365250882 0.012196341507795057 0.010960077594967402 0.009851778248090609 0.00892727926740888 0.008117987694737027 0.007484305849676079 
4.047633951074561 0.7230634957332364 0.2054536903452598 0.07436877022388456 0.03126976912096143 0.01385515164074031 0.006806057169471955 0.004820526244995781 0.0037335861399420602 0.0022021975205078425 0.0009217137691756598 0.0003279393005972974 7.260710954325548e-05 3.1075979416201776e-05 -1.6098673006663857e-05 7.48318649556084e-06 1.9141105602893528e-05 1.756631898908101e-05 3.612985143932217e-05 1.2877399111384226e-05 1.9384710849179564e-05 
49.33883309130506 6.2387719321774195 1.6681490763952298 0.6435301626158473 0.307911213935824 0.16225507410270765 0.09205202491350967 0.05931415855181328 0.03842851626608755 0.026055846676549803 0.018120506125465247 0.013466326315497747 0.010145771293896952 0.007589822390284368 0.006004122580556946 0.0047499566847308446 0.0038572828202888087 0.0030807224745227524 0.0025576590872504927 0.0021084728607538143 0.001810659058603126 
743.3943616906021 50.01498105349266 8.006831334050272 1.969887851709593 0.6185089499219263 0.21274294506270897 0.07979513861661583 0.03966028208737753 0.02487581232372618 0.012636047416509756 0.005474795944977809 0.00277552182398177 0.000873365587958351 0.0006607528302419597 0.00035124280099548384 0.00014411520629297993 0.00017490817280881791 0.00013151791448725103 0.0002294779310692767 0.0001144776473278015 0.00011213714297949017 
15040.585906084454 602.580977968258 77.00632995466245 17.828503987082406 5.583308987667397 2.031143560680632 0.8754279595978655 0.40749205179635684 0.21507030804270505 0.11658905654604056 0.06702174224548417 0.04409431466977111 0.02887276557539639 0.018046563070331877 0.013559357787960703 0.009173131309568924 0.006669836934149601 0.0045944495509814545 0.0038938125300467057 0.0028580438536536866 0.0022693795332651757 
378344.0937701941 8203.052377582877 726.8916466665177 125.46290566274322 28.542939032397868 7.301570315490244 2.6770719212880643 0.5575024723354556 0.35128792241251844 0.14063096977646397 0.059655005895055464 0.035451413969952474 0.008681271740021243 0.007520556550248062 0.006180272190000574 0.00013958552251719142 0.0009104554139028634 0.000638131368394344 0.0016899468128636615 0.0009514338949383958 0.0007291786797920244 
11498415.27091488 131779.314435008 9070.810394713822 1422.225608771065 288.3819069585187 69.35246544726792 31.271927840112138 6.5755397902789845 2.9493412877544234 1.1923627541926913 0.5668539594553996 0.3470264961245757 0.19597567849631353 0.10046004696907211 0.08576997084861246 0.04148906910553015 0.02638964835887696 0.015096252825594935 0.016212782485489453 0.010285188706004582 0.007312825957979868 
405035167.18440074 2316345.049033443 121280.19598852744 16096.350617465929 2502.713640498992 450.73876549047736 237.74220154435045 11.263668714674749 8.820254209901346 2.4925401949432207 1.002791677189796 0.6531990843206645 0.13312156093033442 0.12262482870612304 0.1483224107482425 -0.004479937023373746 0.008040722806654077 0.00471261167371765 0.017872980907170592 0.010718626793637734 0.006562801668076669 
15911069848.369638 44054132.18894403 1830131.8987673558 223381.459136258 28577.571416027968 4477.34549603335 2894.3499335417905 175.30145030094894 71.23626815570147 19.582532506909565 7.89845384474308 4.71698006616279 2.2314223312643735 1.014104677709963 1.1664005787668812 0.3126881616119932 0.17399612038574636 0.07969924901518533 0.12338557437515556 0.06818104937340742 0.04201400899506551 
674373347746.533 882317100.0695773 29158994.578850918 3216148.037848134 318174.2066851934 39450.9656063327 30648.45320456404 288.1455428951254 306.5557907947911 56.866547089413054 21.404650764641744 14.337505831434946 2.631507467394497 2.424144608317367 3.8570142334716744 -0.08398037679861685 0.10101247142365238 0.045078740442882174 0.21925626176554686 0.12840329326553895 0.06487787343111362 
