fnl100sim3
0.16271238300041005 0.06431780164214079 0.02941854755539683 0.014618940434445823 0.007635413543488467 0.003929931748968462 0.002019938129926239 0.001913984781155673 0.0023902540674091426 0.001617938857581378 0.00036890919885863583 -0.00027462409420154533 -0.00045571768032652446 -0.0004224653750410049 -0.00036070483013969846 -0.0003337136053927722 -0.0002728083753189699 -0.0002281842578535468 -0.00023609002918054966 -0.00017692347859796822 -0.00012147270744792487 
0.8870868898889397 0.3732891929176074 0.21081183998701392 0.1366729165122904 0.09628199948724986 0.07060054373924593 0.053791797908002634 0.04317082207103288 0.034617598918659044 0.028824431215648805 0.02417752190147952 0.020829459300135456 0.018046959049523123 0.015609252118895857 0.013823010377259064 0.012263590304011635 0.011014854302830408 0.009906339919120977 0.009001587170934666 0.008189128105629207 0.007517673997851937 
4.157459172391096 0.7394293953714227 0.2080755252870187 0.07476052999801809 0.03110931104202764 0.013478658360101297 0.006561356987270049 0.004798637076840336 0.003735661090725571 0.0024478418876446454 0.0011761455941776513 0.0005494303331664543 0.0003108441067680771 0.00021928977548779364 0.0001646486773580777 0.00011627588601859002 9.301461446774191e-05 0.00010632324759882703 9.368229149999109e-05 7.215151050769019e-05 6.10883033159225e-05 
51.99047791938684 6.4738404323996335 1.6993509836882417 0.6421327957361876 0.30451890991598873 0.15838049409334415 0.09103636151657556 0.0600247718552223 0.038306220330440545 0.026921580978268484 0.018705384840289378 0.013806615010255515 0.010318792855820012 0.007749145524204911 0.006075690167920701 0.004859760096840296 0.0038925181097278633 0.0030992831129340436 0.0025760013434738462 0.002150320667972443 0.0018069912199983628 
816.0499595620357 53.8234577601607 8.370036673957538 1.8537143820910924 0.5501077569374447 0.18347758462016203 0.07214058118093553 0.045803286213150524 0.0258117789729236 0.016205650578738323 0.007519539304909146 0.0035491979278403623 0.0018642991611768382 0.0012093243610711638 0.0007479235824943198 -3.371928627018215e-05 8.397396467310987e-05 0.00033723359818557544 0.0002922122669902405 0.00020498543424699343 0.0001854946171111032 
17136.59190726417 676.131567012826 81.8142857565872 16.059683380812142 4.996764196368995 1.82700716507265 0.7932270145304829 0.4541790840808877 0.2111364615543323 0.13276764101142838 0.07244373521931827 0.04508270525573738 0.029529413651986084 0.019601033344511822 0.013280864005772738 0.013023827433379305 0.0076059378692666406 0.004694654628647366 0.0035899997724786483 0.0026906365336921314 0.0021169050238855694 
436791.76702678326 9765.410588220442 781.2350779290374 94.19714160092869 19.72311441990801 5.309080530893131 1.7165360907531544 1.0381087700104383 0.34612552384245954 0.22961761308735876 0.09061355861742162 0.03532497130439991 0.01531654694630298 0.010989664729340211 0.0030441001662262802 -0.022415548393299112 -0.004259346759382494 0.0014689631240884693 0.0012952177256796244 0.0007650698504401557 0.0008065484438484129 
12918684.946696889 168101.44293603156 9655.999455797926 921.0710570109236 201.4582742975056 52.27831113564232 17.911863416173667 9.851535117024548 2.6756634658530376 1.6542405315220048 0.6844822590652219 0.34319782666751136 0.20600661185338434 0.129201578210729 0.07174770017014845 0.2164212090231338 0.05229428245899768 0.016567122995191183 0.01174928745421122 0.0072749175285154585 0.005631684749967485 
424712239.1717366 3213093.6030085925 126378.0539119148 7632.2659234340545 1229.686561068482 267.1904714653595 76.21872605373981 44.48424563847 7.15727474854023 5.238704811548999 1.789093855203725 0.5336200082469883 0.17606542886474877 0.17277333169184894 -0.004687464532888005 -1.1410071861597078 -0.12642939589560254 0.010605622090041665 0.009597872613958381 0.004214982992423828 0.0048605622780282624 
15064511836.272396 67176958.67422083 1851861.0812879512 82335.78567774536 14692.476509644543 2611.0078302654147 768.5550438315169 414.8770456395742 54.574823722186444 35.17501565515257 11.73750401590349 4.394260151309587 2.447785040543614 1.6371109903296153 0.7064887945206114 8.310442177700997 0.8410473361159533 0.10086982814981658 0.067286532712756 0.031058441022084413 0.024597481984627745 
564308278565.8472 1496203958.2164524 28679559.445747122 813651.9503902299 115577.66683081216 18270.696021998017 4908.4077497733315 2608.148350098829 192.09325137304992 152.62912815984726 47.18827710816876 10.646693470293561 2.4637662058214116 3.5975220022370586 -0.6275406842603048 -53.528449711810545 -3.3076714097959488 0.11241721795351786 0.0984378438829116 0.030084909808577025 0.03425025690613463 
