fnl100sim5
0.16269467613184196 0.06430291894316972 0.029610512690620778 0.014843221767517269 0.00784652358137296 0.004233655974949325 0.00232489183408345 0.002249345967370952 0.0027314878490277976 0.0019681361039686255 0.0006185120598416503 -0.00011594671161775522 -0.0003541608796470734 -0.00046890107086401613 -0.0003995778779205609 -0.0003633844606747575 -0.00028769191101902386 -0.00022430038090860013 -0.00018197853457881832 -0.00016861098627792622 -0.00014923804834305113 
0.8907218181473329 0.3721140426502149 0.21136802816309191 0.1377753880178893 0.09747813214621216 0.07188181219930927 0.054572677975823394 0.043821256673559725 0.03518655504114875 0.029148538158641595 0.024413957866228915 0.021006743497904077 0.018240699108606123 0.015816451502647322 0.01405635618729045 0.012491426116823403 0.011200190433231592 0.010042557551023476 0.009138330938248201 0.008322740490261242 0.007663136856028714 
4.129577640754343 0.7254748576038096 0.20574947269946034 0.07553071358192638 0.031027581686050732 0.013752844173376973 0.006999205980948949 0.004935978095605022 0.0038489929203782518 0.002365379022744693 0.0009907358744341438 0.0003889379757375042 0.00011923647463472214 -3.770990899399347e-05 -4.8636744945008044e-05 -4.509556164043526e-05 -2.6831033985143948e-05 -2.914723572919551e-05 -5.018937918523038e-05 -4.3601865268855357e-05 -3.629276221929106e-05 
50.93108359120639 6.29455298601252 1.6802926663799729 0.6523816081921987 0.31101464924924416 0.16449185430458022 0.095328562996552 0.061660566961800035 0.03986447248041456 0.027149584979306002 0.018720784670691815 0.013773218925775614 0.010435888932940065 0.007867679873350571 0.006255879155445158 0.004954110434258878 0.003988110558432308 0.003189503314238695 0.0026665651932906527 0.0022029130412497856 0.0018723338154161228 
772.6107292112564 50.65046196118176 7.896178451132589 1.9290120173452545 0.557064117736806 0.18320672350296238 0.0764973975485072 0.04008958277894904 0.02610518334073803 0.014711885552823167 0.005834350677150966 0.0029778802988428416 0.0011645273966454173 0.0004892933143755114 6.154893929033343e-05 0.00010147788423714628 0.00010036200682792443 0.00011981473444378343 -5.108015947830541e-06 9.983220261262828e-06 3.9437659253551396e-05 
15409.650010713693 613.7261231790421 75.02912455372797 16.849966177374775 5.281709995733228 2.007846568275636 0.8689592963271673 0.43799897620112027 0.22333657407253474 0.12784822799544934 0.06938537338732459 0.04434786069826876 0.02912036681352093 0.01943484359092813 0.014196547207756791 0.00965260706511403 0.0066458648061480585 0.004820146488992481 0.0038915205517713602 0.002847032567163956 0.002244363520229599 
365494.8841230932 8335.306590498118 652.0589194487137 106.76693935714194 19.59428108675839 6.026706356299264 1.4937215258397047 0.5491709067040207 0.3552562818416126 0.19306629296999978 0.06381815770144994 0.03483576917460077 0.011420718381275322 0.0063028936254562 -0.0029476193231839504 -0.0004968528781993459 0.00035722736685025417 0.0008478250841508426 4.689001449799409e-05 3.8868999628967724e-05 9.772936562654714e-05 
9902817.064639304 133375.97892513004 7496.369792421753 1081.978004697298 219.3799420170113 76.60659973162406 20.402587732081624 7.240885176645654 2.85205322418504 1.4660900495763451 0.603776576692382 0.34647544345527415 0.19279996081212342 0.11885649528033886 0.09055353039466858 0.04675636395736523 0.02321795152364807 0.016705898466856196 0.014419894783191264 0.00846791804477935 0.006376216602228283 
294797623.69800055 2317189.8247025246 86053.02804660723 10266.141845028307 1005.7076537754252 505.22418601319015 39.049336344005965 10.702303828867835 7.86435202396782 4.088208949680093 1.199551529633739 0.60634804606862 0.17213777869873403 0.11153078749823588 -0.11545912539949987 -0.030103793260300635 0.0007430034274055919 0.006465248753992384 0.0013149096178392424 -0.0003025522283929309 -0.0009193791723431624 
9399660681.85175 43522824.7004853 1121317.1423157891 119580.04302070827 15200.004054746116 6937.6114316429475 856.7541994511935 194.36222075861627 59.63484729018352 28.541406050361488 9.587859060659165 4.747674178208598 2.232795477227172 1.309214105475118 1.2528917098727705 0.4366554768913662 0.12235660397970659 0.1014071125742403 0.10120057253426412 0.04210775589977855 0.03193968683522214 
315152580408.44116 858146077.224157 14809092.648527797 1404339.5785580568 57175.026355971975 68984.53462174509 830.5350173879203 251.2271617536805 232.49447961308346 111.25370113151544 32.61819343948439 13.041669108917404 3.3033681565728212 2.335841906736472 -3.551075701645893 -0.785811367074532 -0.0031621580203856107 0.05427676355376337 0.02277540337217109 -0.006861427997062136 -0.019905395184786845 
