fnl100sim10
0.16244751445148015 0.06487978357041399 0.029955806232597602 0.015044010827756532 0.008008278825371373 0.004441107426009973 0.0025170585216717995 0.0023523404505690435 0.0028511547903900853 0.0020675709244033715 0.0007222357504731004 -4.891812850079672e-05 -0.00032171889739741546 -0.00039467218014833705 -0.00038981120112460113 -0.0003749629721426943 -0.00032131287079000036 -0.0003018169422384435 -0.0002851460118541394 -0.00024683943166643415 -0.00021296214424463547 
0.8832599575371805 0.3742220109001268 0.21210739050274696 0.13859410823079574 0.09754007672746452 0.07218577998809483 0.054995237630886686 0.04401644557270708 0.03528063432498803 0.02927170256125829 0.024445752725750076 0.020943283347558597 0.01815337742728261 0.01574906789693721 0.013946183908982876 0.012421513065458575 0.011150811245655664 0.010029177711467623 0.009132809942314427 0.008329776531407493 0.007655540087882401 
4.070228351049187 0.7259709779577977 0.20230669041858906 0.07427068461706231 0.030357199378512778 0.013014432266674793 0.006436695266899046 0.0045749649950247145 0.003643967377026796 0.0023393184902959947 0.0010553628847529588 0.00034829322003645857 0.00012203784068376869 -2.0221848157772675e-05 -7.647426243206112e-05 -5.531948566308614e-05 -8.799987580264965e-05 -9.704796286156889e-05 -6.555539169289546e-05 -5.217538858265738e-05 -5.270579647910752e-05 
50.19567373711143 6.356323511393583 1.6524805440904429 0.6467141391679284 0.30848208377634534 0.16357278158196356 0.09564999841551221 0.061893916081877436 0.039856376201421045 0.02735345160067976 0.01895305687287173 0.013836919706379134 0.010395607340136654 0.007926990648226842 0.006189443302271044 0.004934537314659841 0.003986497447689159 0.0032664824850345635 0.0026859404432155952 0.0022157003970080967 0.0018931713124809139 
767.4196834969147 52.217854940919025 7.6765710338869555 1.8368628147455295 0.5773855028697589 0.17918332938182374 0.07798486472808001 0.04044392495684205 0.02556820301661597 0.01489547847217605 0.006938780454527863 0.0026518383830876923 0.0013062443268287425 0.00046398310816975734 0.00013499662624729222 0.00028859792732441775 -2.8803333695382072e-05 -1.4780522830028126e-05 4.5317811646706604e-05 5.613803254382636e-05 -3.7404091289115945e-05 
15582.862891013148 654.1893342315077 74.24476976667336 16.205413872122147 5.339419428530113 1.8828903914107884 0.9006615996380342 0.44014581384097856 0.22729762951704524 0.12939921122855952 0.07346110594994833 0.04426583497324204 0.028892209924201783 0.019740268247918143 0.013228878579264603 0.009607573382885919 0.007026811578030184 0.005416644580294453 0.003876054502129719 0.002827698703131037 0.002267907738738254 
380873.70417351526 9407.432778567123 683.9348878298545 97.70932183598221 24.567405582478216 5.069422068153829 2.215901616834702 0.6911203491525961 0.3759978812807273 0.20525890785004086 0.083479301022587 0.027036471776022707 0.014634670604156946 0.00408459832666273 0.000950249838990068 0.0029463247024776812 -0.00019093449734696786 0.0005613524245030765 0.00032831775774369874 0.0007406626531210451 -0.00016487951918336662 
10756478.898599083 160989.19772662755 8539.240857106788 993.8219401934136 244.86681894805199 52.18636680519136 23.900864181323346 7.335815047828808 3.1404768156528218 1.493472171827302 0.6917341305604802 0.31303245798300827 0.19097805978665094 0.10970460016691004 0.0631149347639597 0.04237259786183411 0.02961814611018712 0.022532081187430848 0.013290538541101848 0.008499195353557613 0.005946465645942142 
337224131.22953796 3052024.2332682293 112452.41054438522 9002.042433281886 1838.10134677905 235.91914236780158 113.19151645595805 18.48829929028378 9.084086348981803 4.539287663814388 1.5434187570328821 0.37029184492001876 0.23891119228663657 0.03994403436951016 0.003326784325699131 0.03206204381470994 -0.005772463362157403 0.009333350116545866 -0.000529094776943499 0.007835474665529682 -0.001174250412567846 
11420471880.06178 63132838.93428464 1691501.005804835 104103.57148720487 19939.65330423389 2432.5966812174556 1181.6797714729867 197.63011022164227 74.00631380712623 29.5603152115722 11.254645880037579 3.481613478232237 2.209308907192993 0.9387548887304455 0.4842879508870951 0.30012663407966705 0.2191801104786441 0.17030601266024487 0.08265055898112195 0.04616632507878804 0.024244167755356563 
409554484614.55597 1390224738.9422655 26683421.73948141 1178558.6963012079 191665.49894665935 14797.979089284283 7736.958915626945 634.824399115615 287.3734622712738 126.59256628167238 36.36185199288064 6.0610626061101325 4.8154595421278215 0.409094004526133 -0.034046773616296086 0.38185722058718646 -0.12911608429913077 0.14567818203015984 -0.04997360124820393 0.08468618743019676 -0.00960122296879262 
