fnl100sim4
0.16290780077264877 0.06456540416179 0.029706627491772247 0.014700454962346968 0.0077070234537543365 0.0041888882291801115 0.0024136590555620635 0.002378657547751676 0.002851957125756461 0.002105916975588538 0.0008004453552673124 0.00010883236235278174 -0.0001317460868166876 -0.00021246522328605597 -0.0002135340519893526 -0.0001871292219700331 -0.00013483943928733043 -0.000105603438195353 -9.081137823034832e-05 -9.539997854998833e-05 -0.00011300081507162765 
0.888321228326246 0.37024957896440547 0.2106970181880686 0.13798167624384355 0.09768594042754312 0.07217645237524005 0.055372929422995085 0.04443321370045877 0.03570180685283596 0.029662888427894777 0.02484409544743619 0.02128590820197822 0.018471646411003687 0.016003394709423528 0.014222304459490315 0.012612834794477015 0.011330911471687943 0.010242441605999493 0.009323948160916204 0.008483754975531171 0.007799815436574965 
4.104773852448764 0.7146504443805031 0.20366586181610233 0.07494661393690073 0.03265589638331942 0.015140542190522958 0.008027153268967488 0.0056760932610891435 0.004287047924975329 0.0026940661756978145 0.0014147398042630773 0.0006694607880243294 0.0004122542354533544 0.0003024047774500537 0.00019354522512102245 0.00015272857015175638 0.00016134121012982054 0.00015326654064383235 0.000127568557856974 0.00010418695698219379 8.453068416706638e-05 
50.775319796165945 6.118041926718709 1.6461166348421954 0.6495110492492023 0.31640058730705306 0.16753574466277524 0.09767461041180164 0.0641246042592476 0.041500005852167954 0.02825752728304373 0.019714437312019197 0.01424519941872262 0.010750354076559223 0.008087760394592265 0.00642540196928509 0.005036702477855527 0.004079476827380311 0.0033520763033298654 0.002792438271675839 0.0023120393089570233 0.0019483054608258983 
783.7654650821721 48.36639926400309 7.625781452849469 1.8567094494749383 0.639798420767459 0.21403031671961067 0.08702963536223479 0.04907156351244113 0.028319682319190992 0.01471372070773113 0.00820817361615229 0.003480833730313389 0.002045399797751325 0.0014233798471824633 0.0007546598926910389 0.0005223633889470552 0.00042504678119000347 0.00042154146602173785 0.0003250222483490306 0.0002497137002392807 0.00016759984481755372 
16327.910979486254 576.071884270107 72.35320131807906 16.42435896820073 5.748310651417266 1.9964232343193373 0.837781671307186 0.4697323374344656 0.24778860914931133 0.13332876626879944 0.0808789648435572 0.046645594266326654 0.030681018335016998 0.019459043071859056 0.014439438265963408 0.009813744840105948 0.00734160997560952 0.005360361025369529 0.004158652908769989 0.0031244227631611467 0.0023262984633820086 
422158.1818145865 7691.597704692014 632.1686337553999 99.95441596520756 30.423000222987305 6.328155660305113 1.80548953780985 0.7806911965014407 0.3418503267143551 0.15384888538546987 0.09721144002202971 0.03267767469714054 0.018848305323440995 0.010350707409982231 0.003761141067759947 0.0030177716562755953 0.001089563355197416 0.00179296052084487 0.0014444534370401108 0.0010501579738713557 0.0004786916801125836 
13162300.897851828 122611.66316514008 7463.385659033103 1020.0300353081614 320.10335155917505 59.15687095520796 16.11284116330733 8.259725266658958 3.6083391270121528 1.4050782532668755 0.8349079934322637 0.3540537016657098 0.2137780984314662 0.10167651738118137 0.07761400403589218 0.043734891948668475 0.031962390512627586 0.0191159526590155 0.01460772443218267 0.009880654009338692 0.005943804598183494 
478108701.5792566 2130041.056219361 88293.70038793891 9253.80151990442 3127.604002640646 330.93850406822435 58.919871952835166 18.771962953115786 5.735855112631577 2.4791894106676806 1.841229827535117 0.4895877355926577 0.3200743328608777 0.10773710559077396 0.020498847873315986 0.028486545717133212 -0.0041353142290880525 0.0110303023160267 0.010569706331633118 0.007449022214900908 0.0019981935608631204 
19618869216.2656 40790575.08936705 1202062.7016214866 105479.26274564318 39616.09320125032 3166.678805913152 495.79123274347876 248.2462923823667 90.23291967397012 22.98121282360064 15.065599531109397 4.4891685289913585 2.7905407039425594 0.8213949544206942 0.707106046779953 0.3181690171093295 0.24664925873796414 0.10672541380871695 0.08625995704829599 0.053089169606435976 0.023244438011422293 
882748684561.6083 823524837.7969844 16509669.37512792 1164614.114244217 513939.4221788056 24361.393046586505 2465.2696908318376 574.3593785170546 103.03773877443281 50.893561110638196 44.64497824827516 9.491128739595698 7.589788060987925 1.3472195401954732 0.04477661638360132 0.33926674400326673 -0.19762473690802335 0.08273401126667067 0.10115775856526123 0.07108723396258061 0.010636587085707767 
