fnl100sim2
0.1633035814508456 0.06486452928257225 0.030103354933297872 0.01502963358034792 0.007873878056445854 0.0042323529349461144 0.0023791875259285902 0.002298851101292685 0.002781751370716103 0.001957458931646776 0.0005978799523963169 -0.0001498639325317942 -0.00032753244155117996 -0.00036236462761641116 -0.00033738383835054943 -0.0002543820626381657 -0.00019151106879340365 -0.00014059902944945377 -0.0001307772635966288 -0.00011954205926340962 -0.00012858300105035906 
0.8933512124592515 0.3731118580622357 0.21294686874340124 0.13886013649037884 0.09790850665344203 0.07229404469507544 0.05508688903552856 0.04433897128172677 0.035525659610875636 0.029544400076537008 0.02472773617465645 0.021306265568184365 0.018504818305132408 0.016033936340334332 0.014231906051807457 0.01270876979840814 0.011410585290185403 0.010269928680714295 0.009345758840484025 0.008493705156360339 0.007826072348929486 
4.128070894866206 0.7246193804999218 0.21031901854450408 0.07829935790584719 0.03277721917892736 0.014747491859902115 0.007354829792394093 0.005281679713498761 0.004050051852387631 0.002424801837544614 0.001072124974555987 0.0004160704523255809 0.00015330308244386706 9.582086149094493e-05 1.287782423221116e-05 3.7067579396038935e-05 4.712675970951204e-05 4.705110229668908e-05 5.672733577027408e-05 3.666107575308387e-05 3.759560947128377e-05 
50.20928139499658 6.224496396841351 1.7011372812490604 0.6768735683326 0.31903595283457764 0.1690275811135026 0.09675585085374146 0.06315609894176838 0.040738874045219406 0.027797029781740642 0.019305523541573496 0.014352161129161151 0.010928115907243989 0.008169328787360089 0.006431350089793429 0.005127088392996789 0.004177388627287436 0.003331990951628498 0.002775882596365818 0.0022969214151186295 0.0019777474871640905 
743.8294550843088 49.26667840690252 8.11549212093787 2.143144774837356 0.6313081862476199 0.21881457937369947 0.08419841449935157 0.04598908386861341 0.027534259855780705 0.013932797078996915 0.006015857743550866 0.0029985876260399894 0.0012836706734174702 0.0009922745945094471 0.0002731981597790019 0.00017408627079646766 0.00021609275609878008 0.00018446076190303904 0.00023732307872577598 0.0001152667851594653 0.00012563770928453397 
14473.657594008326 587.7114883113156 77.15210790721662 19.75728102337873 5.676455504086441 2.1019656397742428 0.8831131657799918 0.4522364455307378 0.23448074762983814 0.1280430041442949 0.07162408308689286 0.04728661997302385 0.0323982744233124 0.021141125577743662 0.014428218924232171 0.009978964946834763 0.0075492667344088564 0.005159223618983937 0.004132662004976432 0.003109059030701942 0.0025736873760927167 
338655.23175612756 7897.505473107113 702.0436361606146 145.62323750796375 26.87574844731093 6.959287608130894 2.215650394396341 0.7784819434764598 0.3894917811509951 0.157603563573874 0.06056348173707652 0.036053751405637754 0.013264256419600308 0.013279807020565141 0.0037502706999091744 0.00023858589472392706 0.0010669041521219353 0.000808033509067053 0.0013072163602351674 0.0006338623299998942 0.0006914738280803374 
9249487.8770817 126494.88767170254 8394.590390814728 1667.1991169068108 267.89114173935957 67.11169735299919 22.446197237241662 7.667544826215988 3.2501496596618087 1.3682219846241344 0.5852133038625137 0.3665678094440765 0.23042658285024212 0.14372322926983763 0.07995053414141505 0.04293145907762604 0.031338459042600804 0.01792124454344795 0.0146050711929367 0.010281204388316246 0.00850549942916728 
284825367.52970785 2232920.222391751 104526.97794145453 18967.32093361888 2058.7990987988705 376.8180338667052 119.20137576366824 22.319485204706066 9.474214777702645 2.964413777545721 0.9216343623166556 0.6628895598711627 0.20353683074773465 0.2600100069264931 0.07646400210029007 -0.004051961602014812 0.009836364382399371 0.005641115020206101 0.00980520485012338 0.006746325210992739 0.006057797197449967 
9626944341.620987 43213473.232248 1461016.9706226385 254507.6345456309 22559.486396956305 3709.0582418550403 1210.2734968982195 219.53047863682175 78.09194921361838 24.646145962810213 7.609354445907205 5.004365097947998 2.8395368888191928 1.8904519725313322 0.8264277616349297 0.2919417786653112 0.21430938618278064 0.10314771953469956 0.08386696339187127 0.060680263771816886 0.049649145967177864 
349060269414.6322 889859171.9435737 21166691.906597216 3494144.4051397233 219367.3932699339 27330.804679130524 9684.481192066945 903.5668649271114 321.5143606142844 77.16681535315078 17.603882230399986 15.44717269349674 4.127067154239927 5.911238088717609 1.6610769516313246 -0.09750159239348595 0.13506295391002515 0.05535897472579029 0.08359085910108584 0.0853071834120919 0.06183759366291262 
