fnl100sim6
0.16209562882413103 0.0647672306906764 0.029926248492902242 0.015043709479021405 0.00784129410407039 0.004180211638077012 0.0020821686419864576 0.0019953963484099224 0.002462488104728133 0.0016314728847259105 0.0002605053317245256 -0.0004965039822500397 -0.0006750449369419523 -0.0006648194785916611 -0.0005463792592273769 -0.0004095233085307491 -0.0002951113393595906 -0.00024889804166143954 -0.0002629859145296978 -0.00029349114334789833 -0.00026130480712572136 
0.8832404261297538 0.37430659240865477 0.2124682081354698 0.1381251994145498 0.09700176523032726 0.07127359674973036 0.05381993783635379 0.043053568100304765 0.03452879959559377 0.028637843449470055 0.023916832467327835 0.020595011019153953 0.017861192605936795 0.015511418191155691 0.013760832724856398 0.012228484050239442 0.011015299582100317 0.009924155647201626 0.009032781644768286 0.008244022277683102 0.007569978398826122 
4.098521229041578 0.7364747575220385 0.21026678600271642 0.07669678360133861 0.03135293044627343 0.014149258970299193 0.006648465000958918 0.0044697299845688114 0.0033772374233605744 0.002025959429750679 0.0007294393532848843 0.00013580419148461235 -2.9659675232951738e-05 -8.412459961203417e-05 -8.583901443655176e-05 -5.4224357532086024e-05 -2.7554287931007867e-05 -3.525602661637853e-05 -5.161681392813941e-05 -5.190554640082412e-05 -4.404641813580704e-05 
50.80384054536379 6.385855747682129 1.7035760814861358 0.6613953781130814 0.3123239307836821 0.16472150060915527 0.09405238011300146 0.06017071574439477 0.03838213021820872 0.02616833367107835 0.01821120890949513 0.013416614045994518 0.010019307706158378 0.007617460396149095 0.005968953817617385 0.00476591806056308 0.0039058045656490937 0.003166746635971325 0.002605933089748653 0.002178375596443659 0.0018470156044004204 
791.2013831490508 51.88252850468208 8.331006856608346 1.9703172461277525 0.6093880084537113 0.20927396441199825 0.09138023930539495 0.04568622763205824 0.024063142406467935 0.013125216197026 0.00527835492575967 0.002231954706471362 0.0009923702993303398 0.00032845251895128377 8.708307156467285e-05 -1.538281017536551e-05 0.0001487449827464766 7.870831702753921e-05 -2.0787067448347755e-05 -2.0733537477143785e-05 3.661663294806426e-05 
16800.63192915968 639.3188154865584 83.11138064744122 17.211340006846907 5.589972816812649 2.013657430812507 0.9927336021834499 0.47122492982084835 0.21919225482060434 0.12343961973479718 0.07130850000339514 0.04295870013908518 0.026810478432888963 0.018204245598638046 0.012528724681347341 0.009471299308423406 0.006974315172523467 0.005021110272721783 0.003694367035701185 0.00285827342412351 0.0024523163122870213 
448705.94648101437 9068.333551423371 869.8626750120478 107.6487508328116 26.76351744411124 6.712604448133446 3.8432351917745127 1.2362778891385133 0.3669116027187644 0.18754547591358003 0.06984785385281875 0.030163922268139496 0.012218604739710395 0.0025042968221651754 0.000832456513791652 -0.001854559363616813 0.0008613418632696837 0.00035805387909649373 -2.8877537163012677e-05 -0.0001459422596271461 0.0008736727045770787 
14573636.588041652 154939.18475571097 12767.246464652417 1087.9132083152383 268.9617973675772 63.047801870508074 42.12223882578351 11.974628551154801 3.1033750608847543 1.518824363334381 0.7397763319725953 0.3219013310960191 0.16337883967493497 0.09887402260393555 0.05895003541496714 0.046574059195241636 0.030930614911937 0.018429025721674593 0.012104028040478113 0.009126185297107953 0.011224314651678002 
551328615.3039073 2950617.327492749 216748.49394486911 10140.328072908069 2127.459669650216 374.30195998441786 365.42906633280523 69.65648612556062 9.644194168993156 4.90312184920257 1.6635253093709788 0.5352396306105198 0.17788646746326306 0.012570857001540212 0.006746151966127646 -0.03931349939120916 0.007590622658256272 0.0008233688960640336 0.00059588333801912 -0.0009061870774978565 0.01753837807488902 
23376393747.60971 61534752.11289989 4270256.838320605 118465.2216141669 23485.709372330155 3562.800183695961 4218.377499182653 669.5147224001444 77.76280377480614 36.45222879000291 15.480892385466941 4.085294452098393 1.6665563481775476 0.8610111497736183 0.44053687647815865 0.3988514384070056 0.25097476116496736 0.11217723494546299 0.0647501493093077 0.05194592973371106 0.12550589614934435 
1074948510233.1802 1360605770.9570732 90715534.87475851 1387935.8331618635 238149.30509010822 28539.922460680362 46864.65618615153 5485.789773862026 349.73865502062216 182.8194553802099 58.44695833267915 11.143931455889838 3.0003118852664237 -0.0793497795270835 0.05737886857432424 -0.6877344896196391 0.11296569096840013 -0.012210138356640891 0.013566245998240129 -0.0004300224166735442 0.3487727412093428 
