fnl100sim9
0.16147855443745496 0.06373489206057806 0.02932130565126571 0.014551335623866889 0.007723156261970164 0.004141337603300659 0.0021982515383037224 0.0021203348809247045 0.00261555372664903 0.0018210938084329577 0.00047933247914840743 -0.0001817513041135316 -0.0003746220516676072 -0.00037218397227517725 -0.0003200034369780846 -0.0002680789887057464 -0.0002534009853469659 -0.0001906223348901128 -0.00017480090649296524 -0.0001452364567353103 -0.00012863297930675876 
0.8810318616386095 0.37013577080798343 0.21114314098505804 0.1362331090416733 0.09602199124944447 0.07074719492889504 0.054026705506772035 0.04326759616636325 0.03468777423007711 0.02885064654313725 0.024101432448570208 0.02083015954316246 0.01808594119094522 0.015733237900211288 0.013980378104337879 0.0124376096326496 0.011167558730679627 0.010070517258586098 0.009151605663405673 0.0083206187227926 0.00761017746072923 
4.084285252519237 0.7176137440004722 0.2055438276279913 0.07354994011919115 0.029210264946824147 0.013402751431453459 0.00659389719168966 0.004642105763054263 0.0034923636092413736 0.0021499981269064833 0.0008258472611861755 0.00024164429337844218 3.85734819835098e-05 -2.4363359584781082e-06 1.0266418867433702e-06 2.4389238044604075e-05 1.818269378867401e-05 1.6746680515290886e-05 9.284460174537915e-06 1.2531655131893204e-05 -1.3532560406972411e-05 
51.069850400753666 6.240453310500942 1.6739672309525058 0.6638625198762658 0.2925649189769647 0.1585014895262826 0.09236284451535752 0.059549527016482605 0.03757711363456031 0.026063414255727654 0.017967562771606098 0.013557466260369777 0.010381234498766418 0.007842382352221657 0.00617162558390671 0.00493142250927591 0.003997619870035624 0.0032569774609738896 0.0026939002101930712 0.0022315045809127706 0.0018692628086721833 
810.6493291430953 51.0394215417017 8.021010219919766 2.82023223745404 0.4853464822481526 0.18997889573567467 0.07955415655041695 0.043559259836626785 0.02159177109462467 0.012055135853429882 0.0045321561880707325 0.001742482890257129 0.0005011822844994474 0.0004834935812708119 0.0003711565890003512 0.00026812955345732146 0.0001643811797248755 8.84434958448876e-05 8.204900338706633e-05 0.00016413718626208076 2.3727717682642893e-05 
17631.574896041497 638.3164189792291 78.04373475941507 46.06299760922382 4.364646039509065 1.817932882936268 0.8000948495394824 0.419428409944398 0.19091406786838136 0.11130431363247853 0.06292145863812028 0.04262202940725158 0.03021749257752721 0.01937657889207516 0.013730521793423227 0.010519258699791244 0.007553614664186681 0.005528802462487056 0.0040288080357332185 0.0030017641206250803 0.002335616733049913 
479631.99065665586 9225.49091814421 726.6512853155721 1003.6356829256284 15.015829101831134 5.422003759116927 1.8745839802872772 0.843033817452463 0.24762901130014742 0.1251230283131083 0.042187682037270656 0.018603187553174975 0.0034927223891663152 0.006189935011752506 0.00407511416340993 0.0002968936897124941 0.0007728148581832016 -0.0004099717327100643 -0.00017573231869521684 0.0010315145300627171 6.989849314744458e-05 
15576010.169873469 159556.68067397818 9143.914944438664 28386.288756103993 140.42644927564382 49.580549164777786 16.348867448764835 7.250459019139732 2.0816968415705084 1.020585243728623 0.4820474838979027 0.31152364868715837 0.2127466690622239 0.11292278901582425 0.0776251155000519 0.06517522566399077 0.03775100024748009 0.025611107100369148 0.014881638871472097 0.009744543664276946 0.0071232466275296695 
574499799.7142305 3050865.025523291 117185.12582035815 838543.4406528916 693.4453434548158 245.22848546984437 67.2676796798716 26.48836179274558 4.278887879542089 1.9468894966802512 0.5420999504596404 0.3282933105944219 0.04455149916382083 0.09845657386112998 0.05909095556244318 -0.03613380230045915 0.008290779790614223 -0.01429816285741124 -0.008182461910162685 0.008143042273215044 -0.0002966744434475288 
23174418780.477314 63336520.84496646 1758554.1533698384 25249462.541713763 6761.733402911025 2217.1569688612212 546.8503352307765 213.2012539681573 35.15423399947346 14.526126002200789 5.884828193330598 3.982257331924482 2.5121831626445417 1.1073807749087898 0.7939819424574273 0.8022462975998541 0.3384393729303661 0.2272520386284227 0.09839606203880785 0.05586704341814254 0.0375689531154454 
994592441428.8367 1386804383.792393 26361820.186368838 763604359.619079 40536.42466477167 14375.604769910819 3027.515456592546 1071.8791791711396 94.46053528833531 38.88515385731648 8.164956291409728 7.824580594960721 1.0365895463201076 1.7400750076053242 0.9962913341913738 -1.2800559752053269 0.15308642036140777 -0.2865954676225092 -0.14271329426656748 0.0773074993863516 -0.010104516733952431 
