fnl100sim7
0.16269924676744932 0.06503069182960514 0.03033501583751027 0.015362133462591545 0.008385285778997512 0.00474301706365441 0.0027582924084504235 0.0026582225299745196 0.0031360045445770392 0.0022274014071077203 0.0008011242662005622 1.7266909420981623e-05 -0.0003226180715621804 -0.0003498109984440325 -0.0003105437830832982 -0.0002526863381444625 -0.0002020788305790205 -0.00016623140262501018 -9.30437548659882e-05 -5.995372884613241e-05 -3.6223873498560466e-05 
0.89096558220013 0.37635911102299496 0.21591002033259918 0.14028034191506367 0.09943732844518308 0.07363333551969559 0.05593764901811117 0.044916832016525784 0.03611799641361359 0.030026900569248807 0.02524124984261628 0.021816820456509286 0.018880979470195083 0.016324120076125017 0.014472981435064675 0.012855272357021599 0.011535152795518906 0.010395220439040979 0.009471431945495002 0.00865549971507896 0.007971816263349491 
4.15112025993775 0.7520186472824683 0.22011302297545923 0.08116120663838049 0.035534139984597285 0.016547293180513095 0.008282361164255627 0.005644583838435547 0.00443979148808215 0.002644224758136448 0.0011289957828092 0.0004207866067098218 0.00012823153838701764 -8.816406904261179e-06 -3.087050396215681e-05 -3.629066301175091e-05 -5.040785086399972e-05 -5.733400546046541e-05 -3.451199301047986e-05 -2.4624692154037153e-05 -1.3091664922783658e-05 
51.41669910770785 6.634386980565571 1.8093302068774983 0.6956129156391602 0.3381312562257816 0.17791700212363643 0.10130667483679423 0.06562857069613501 0.042212457647542646 0.02878140734874264 0.02021637390292592 0.015036732523701215 0.011469921257607166 0.00861010289576955 0.006666714053053499 0.005308848746256774 0.0042195599054559016 0.0034706901635678405 0.00287011602816999 0.0024114282092812752 0.0020331848919311075 
788.8450573734256 57.24168730371343 9.5787201918699 2.221423168792869 0.7607849314304601 0.26365527515429804 0.10433544815036713 0.05803234841560281 0.032207074442614295 0.01588794850680575 0.006878392318873701 0.0025590111660747806 0.0016322841048682355 0.0007594935487457778 0.0003682621067014469 0.00035757834424615724 1.9323707958263107e-05 5.260034536781601e-05 -1.4138477715538792e-06 6.174693348565115e-05 6.788387262744434e-05 
15998.489842258017 773.0086226035886 105.37276950913808 19.763352465675304 6.770807463651837 2.3941208576617137 0.9993188063012646 0.5214497612634919 0.2544258508955697 0.1344997227486062 0.07990518876081514 0.0501513745580776 0.036845445102481195 0.02392173285654487 0.015085733289267484 0.011540902923280695 0.00758915051719338 0.00565425493388638 0.004218920078985575 0.0032245255134224706 0.0024972614065008115 
388836.52825428464 12817.403248647262 1293.7392325136063 136.034365314131 37.575685768275065 10.179907738114215 3.0711428337628717 1.4071314393104863 0.5085460547943538 0.18285478377942305 0.08019712041234106 0.023157447207186203 0.029931704184635137 0.013608019080825063 0.0032070055475820034 0.006662287235520964 -0.0005548577487029241 0.0009502394347984074 -0.00023486436899083956 0.0004766869181916235 0.0004122465054967653 
10861058.214270096 267464.63397944847 21632.8920138417 1440.6804324417808 374.0028726145046 99.67833181717376 28.242379286460242 11.522446750410783 3.979280409123801 1.4148984555286424 0.7313009132083961 0.3867086568942096 0.34714293988542166 0.17952724683928528 0.08242100984258692 0.07400274951235783 0.03294853961291402 0.021262501091906166 0.013968415545490562 0.009759977665009653 0.007094057163131384 
335056802.1368624 6506604.093505826 407555.475802796 14750.834844893881 3229.223984070366 819.9279448601541 168.4054272534056 59.19556289030607 14.882417830186554 3.2683871386981123 1.443476550274765 0.35390378640516457 0.929967041495665 0.28881992151586544 0.023951714749243257 0.15045069567981348 -0.014366735043387186 0.01259454179828153 -0.003963761036267943 0.004434417331033088 0.0034409000227484244 
11116271856.438238 177457624.70081693 8518235.692919334 181804.99943004132 35529.02324051707 9240.221989467855 1590.175795607552 475.8197788545213 119.22858282520045 23.809459358870313 11.021897487340615 5.118687853954675 7.322196272349984 2.4842170531339214 0.7960145264446782 1.0270078031707601 0.2513310414232718 0.13578972624902405 0.07571232653748781 0.0499272474732531 0.035586140336076405 
389226593466.6378 5216189906.458592 187201832.6777559 2283192.9820350255 372252.25098300655 103116.96598813358 13083.42014471576 3274.8802924214506 645.9385840896155 76.22507714983847 32.60602720367122 7.843489208981349 34.672750686191364 6.5560611210904085 0.013646056650467928 3.677932527109473 -0.25804255599473214 0.16772970771633816 -0.05415377759309173 0.047770087363248157 0.035466052386254984 
