fnl100sim1
0.16294300958181382 0.0645679624597839 0.030146765753211232 0.015363880608725069 0.008220750001503439 0.004504034933024252 0.002489875226538667 0.0023627454572306083 0.0028593048726352904 0.0020621444402216397 0.0006833174422995236 -7.401931937241396e-05 -0.0003267995250003401 -0.00042558752591618067 -0.00037204301070147065 -0.0002649143366735303 -0.0001967987089893692 -0.00015878997228059078 -0.00014790513512405869 -0.00013775778881492122 -0.00013577501565478325 
0.8893730392155853 0.37336614016253045 0.21449149068019097 0.1398017054111 0.09844633431476783 0.07255501374668706 0.05526092373390669 0.044467320378757474 0.03562030099817055 0.02960906328061894 0.024813885008663834 0.02138909522735195 0.01858950727583829 0.01614527223624955 0.014363042091034006 0.01283079276049945 0.011541098715886471 0.010389624230330042 0.009456477513157582 0.00858474323458748 0.007834504245018829 
4.12415688918116 0.7403196756457765 0.22106483254780776 0.08392814737149895 0.036235738102979025 0.017218531955236455 0.008430773321428447 0.005859325897567144 0.004466876850666208 0.002838861656645126 0.0014878401656595536 0.0007895351035681995 0.00048380199917404825 0.0003183851003162218 0.0002633444329311864 0.00024356831943265402 0.0002055157709422485 0.00017556676062534623 0.00014301527647060316 0.00011124780061275693 9.48249490864201e-05 
50.447752301742646 6.3983994382245095 1.8043883312133964 0.6981747504992004 0.32957875380647306 0.17146878037534058 0.09810206140235397 0.0633783025966423 0.04035383103403879 0.02779683614482199 0.01951456437506721 0.01435209238936138 0.01098019642635213 0.00837226934138046 0.006613796381293702 0.005237627171078679 0.004209842470360393 0.003437484462927449 0.002835683392252139 0.002363751185098175 0.0019475035479662737 
758.5816045540034 51.610341446472624 9.327383355597679 2.2721790518750993 0.7232970246077524 0.25362690700845625 0.09554170831268476 0.051414461332210594 0.028720219560684667 0.016001276733210085 0.008799144281196953 0.00405669524319343 0.0023736424526485523 0.0018654620619126838 0.0014056941963881387 0.0010290387110591251 0.0007226635291875895 0.0005193515477102127 0.0002965310809503515 0.0001949959869411828 0.00017405163576374335 
15138.474733004583 619.5687649812228 94.52030105541357 19.64309664998029 6.119752417979474 2.0848893524360097 0.8791759403034389 0.45162633895132825 0.22347056407853647 0.1276793892622233 0.07940901686173475 0.04574128646695397 0.0315225989862224 0.022070268175436166 0.016194090819426975 0.010679705311523865 0.0075418372829682695 0.005445721029877662 0.003915500136513747 0.0031483507967485966 0.0022791889357470676 
368742.75921987597 8382.105048789279 969.1588883633747 129.2189281603654 30.301992503676164 7.424490572169351 2.1771042684108566 0.9038289112959427 0.3390253270131042 0.18012526504270607 0.11690281468389906 0.03253480310557159 0.01932244735802949 0.016258547131368185 0.014457032005098916 0.007579080565180343 0.004206874782400892 0.0025978251684229945 0.0007875718238187196 0.0002186286691689563 0.0004408765395246444 
10671690.433606992 134238.78311794365 12981.51409407065 1299.199965559383 278.07542385801776 61.47053207642714 19.26172540982248 7.657393594248093 2.975680810081015 1.3486440081329694 0.8775347408685008 0.3163737008576772 0.20503221082893053 0.1373865740859079 0.11194469410054768 0.05370676975109466 0.031721147191643276 0.019085763139177956 0.0113255287903183 0.009761151008847727 0.00566042571837719 
354848240.83687466 2368672.498439275 185712.2420597408 11887.12556383431 2050.954163113898 359.37335501024495 85.38045515873085 25.98457507099439 5.942921234425531 3.3930343781316883 2.8211286105176576 0.35995772860274233 0.2442297833951964 0.20012721362965347 0.24398782783327475 0.084884895888562 0.03577887620547985 0.019036228762661398 0.002143668482571525 -0.003237863345401935 0.0015276636434329901 
13176744535.47188 45774701.77980857 2971264.708956542 134284.2959503869 20215.82636116515 3134.2159359008024 765.8088159669558 215.87588759024675 72.49770955026479 24.035637157271413 19.26854724025695 3.3619033559273115 2.2053292754610547 1.3995618163584007 1.5162178769425803 0.47693870371204683 0.22306242483262345 0.10676778103911717 0.050466248859277175 0.05423997003290243 0.021424794060863752 
532369057723.16754 943802161.4962676 49660574.55787598 1453418.2538584925 180399.51536540507 23929.072141074055 4879.181933667638 987.1846893459646 129.1243146279431 88.77881225098223 93.16923612935756 4.783654954676195 4.038004703386214 2.9754206642055325 5.079749213772484 1.1708151039297066 0.381235680849733 0.16933556204619987 -0.0001037313502379942 -0.06562066546714576 0.006942872979721805 
