fnl100sim8
0.16288817419775423 0.06442325460489984 0.029752518024742713 0.014958142217691952 0.008015551543259695 0.004526740217598798 0.0026412941694894275 0.002488695303127299 0.002860580989346421 0.0020081279465452395 0.0006676818817400671 -3.378537265945545e-05 -0.0003060152380748 -0.00037612592141405177 -0.0004410963020521148 -0.00044234898594397025 -0.0003693102646323012 -0.00026909719604146 -0.00018150295325468618 -0.00017775362118515527 -0.00017169376919974093 
0.8864800021128613 0.372216668836009 0.21225543287413984 0.13876310312182505 0.09791768464635381 0.07254223446321381 0.05501645959753474 0.04397616442059126 0.03529342035467647 0.02928729228660276 0.02454349248150797 0.02120850698020543 0.01839477329953732 0.015970036963220798 0.014184077725040888 0.012626408481584537 0.011361242187338569 0.010253588280287891 0.00934742844741548 0.008510805446782925 0.007797148515605177 
4.089159400366549 0.7178679136451037 0.20450061163509758 0.07630128303364463 0.031938435147646875 0.014706672631619499 0.007498449845737984 0.005190482254297908 0.003944484992394664 0.00247205564908022 0.0011825989074931704 0.0005361781296832067 0.0001928289454200788 3.6099086028797876e-05 -2.5022962945965633e-05 -1.24188127993845e-05 -6.331278419481352e-06 -1.1511190941491248e-05 1.908993112619017e-06 -8.964612479632825e-06 -7.1491628026297915e-06 
49.98194171840218 6.226394059711867 1.65878574487192 0.660295253386883 0.3149130869640042 0.16787309449946022 0.09533398511701272 0.06111880819275541 0.03958390438633703 0.02698038949857615 0.018717321694360987 0.01415597510259593 0.010536661686690485 0.008074431963190286 0.006367807603707589 0.005110162025936653 0.0041447154177577245 0.0033683361479643174 0.002808417204903336 0.00232259070777617 0.0019505120967123213 
748.5913585846627 50.303333637195266 7.505479175355165 1.9198033966718233 0.5830272760147898 0.20069887673428236 0.08339211518615613 0.04524181881765854 0.02698170145980123 0.014858019303846844 0.006851399642712163 0.0031604770599172006 0.0015315235377645886 0.0007054465132993968 0.0003111383700627273 8.675537967077306e-05 0.00013388289000295866 6.1020611807457406e-05 8.585019288788503e-05 5.822552394732983e-05 5.4849253903046757e-05 
14708.640165330204 625.0341675300169 69.88113049644679 16.774988688547754 5.359949368891518 1.9166651938155193 0.8075435422618829 0.41077630634398665 0.2196177591089698 0.1257300799077663 0.06860574316006199 0.04503037949125224 0.02758064255585031 0.019564450502085412 0.01412308660995859 0.011594436585735482 0.007865000579460931 0.005898229048260714 0.004323159372050824 0.0031291268442080527 0.0024321653789702823 
344846.3531194504 8966.465908253977 584.8583892758083 102.61623128536702 22.67139997581345 5.208287143186766 1.7830992160147303 0.7322284429413388 0.3784356185770129 0.17909684899180234 0.07547014977662334 0.028506563991600786 0.011907052576104877 0.006244988691962207 0.0023727557391207904 -0.006592362699654693 -0.0008875019823485743 -0.0004598470389275189 -0.00038243227414741976 -9.77838660779833e-05 7.734529411994831e-05 
9301226.131368179 154904.0094792152 6672.707312202473 1047.6372869909162 235.08583268833075 48.996914832602535 15.6953940846298 6.124865246595666 2.8828754807390027 1.4606818359962843 0.5855212021842917 0.3165504499665984 0.15029661959706953 0.10239586140594853 0.07587047675903745 0.100330816165182 0.0417916440720265 0.032268516665024484 0.017731049362898745 0.010300612517357388 0.007587488283686771 
278061124.84856534 2974105.979784686 75086.50011203975 9713.936365614862 1681.6366995457881 210.20530162311397 60.23043002507063 17.492707185952383 8.602904645950916 3.319506756094623 1.34170357774112 0.37549019341334217 0.10729872623421566 0.06892496399164622 0.02843778448105229 -0.2939946094668643 -0.04526950197155985 -0.019590505791216063 -0.014148608484227197 -0.006125402387882848 -0.001727742104542578 
8974693887.242361 62393127.076362975 987016.2315933688 115619.19046177683 19971.08080476776 1979.2985262942427 510.1531023568988 143.27722386438992 64.22234506543741 29.68944516984518 8.75398076924895 3.562631071326252 1.2556193836271872 0.8196737761729138 0.7269124237983107 2.2150779109766794 0.4795427017237323 0.3825004207922189 0.14483071452227173 0.06582320346922658 0.04516898979756525 
306535709542.15485 1387665406.2955966 12904857.388857668 1359427.0199859827 199531.12817866943 11063.13247970983 2736.6095749213187 518.9943328103835 259.7545230868899 75.9969570023369 31.551503456397587 6.244860368713793 1.0134445694602585 0.8706302090811517 0.554840783702953 -10.688361215269357 -1.2647034182075163 -0.5231183188224318 -0.27178737663083075 -0.11517179995549354 -0.03869356360415851 
